   2.2500000e+01   1.1250000e+01  -9.0000000e+01
   6.7500000e+01   1.1250000e+01  -9.0000000e+01
   1.1250000e+02   1.1250000e+01  -9.0000000e+01
   1.5750000e+02   1.1250000e+01  -9.0000000e+01
   2.0250000e+02   1.1250000e+01  -9.0000000e+01
   2.4750000e+02   1.1250000e+01  -9.0000000e+01
   2.9250000e+02   1.1250000e+01  -9.0000000e+01
   3.3750000e+02   1.1250000e+01  -9.0000000e+01
   2.2500000e+01   3.3750000e+01  -9.0000000e+01
   6.7500000e+01   3.3750000e+01  -9.0000000e+01
   1.1250000e+02   3.3750000e+01  -9.0000000e+01
   1.5750000e+02   3.3750000e+01  -9.0000000e+01
   2.0250000e+02   3.3750000e+01  -9.0000000e+01
   2.4750000e+02   3.3750000e+01  -9.0000000e+01
   2.9250000e+02   3.3750000e+01  -9.0000000e+01
   3.3750000e+02   3.3750000e+01  -9.0000000e+01
   2.2500000e+01   5.6250000e+01  -9.0000000e+01
   6.7500000e+01   5.6250000e+01  -9.0000000e+01
   1.1250000e+02   5.6250000e+01  -9.0000000e+01
   1.5750000e+02   5.6250000e+01  -9.0000000e+01
   2.0250000e+02   5.6250000e+01  -9.0000000e+01
   2.4750000e+02   5.6250000e+01  -9.0000000e+01
   2.9250000e+02   5.6250000e+01  -9.0000000e+01
   3.3750000e+02   5.6250000e+01  -9.0000000e+01
   2.2500000e+01   7.8750000e+01  -9.0000000e+01
   6.7500000e+01   7.8750000e+01  -9.0000000e+01
   1.1250000e+02   7.8750000e+01  -9.0000000e+01
   1.5750000e+02   7.8750000e+01  -9.0000000e+01
   2.0250000e+02   7.8750000e+01  -9.0000000e+01
   2.4750000e+02   7.8750000e+01  -9.0000000e+01
   2.9250000e+02   7.8750000e+01  -9.0000000e+01
   3.3750000e+02   7.8750000e+01  -9.0000000e+01
   2.2500000e+01   1.1250000e+01   0.0000000e+00
   6.7500000e+01   1.1250000e+01   0.0000000e+00
   1.1250000e+02   1.1250000e+01   0.0000000e+00
   1.5750000e+02   1.1250000e+01   0.0000000e+00
   2.0250000e+02   1.1250000e+01   0.0000000e+00
   2.4750000e+02   1.1250000e+01   0.0000000e+00
   2.9250000e+02   1.1250000e+01   0.0000000e+00
   3.3750000e+02   1.1250000e+01   0.0000000e+00
   2.2500000e+01   3.3750000e+01   0.0000000e+00
   6.7500000e+01   3.3750000e+01   0.0000000e+00
   1.1250000e+02   3.3750000e+01   0.0000000e+00
   1.5750000e+02   3.3750000e+01   0.0000000e+00
   2.0250000e+02   3.3750000e+01   0.0000000e+00
   2.4750000e+02   3.3750000e+01   0.0000000e+00
   2.9250000e+02   3.3750000e+01   0.0000000e+00
   3.3750000e+02   3.3750000e+01   0.0000000e+00
   2.2500000e+01   5.6250000e+01   0.0000000e+00
   6.7500000e+01   5.6250000e+01   0.0000000e+00
   1.1250000e+02   5.6250000e+01   0.0000000e+00
   1.5750000e+02   5.6250000e+01   0.0000000e+00
   2.0250000e+02   5.6250000e+01   0.0000000e+00
   2.4750000e+02   5.6250000e+01   0.0000000e+00
   2.9250000e+02   5.6250000e+01   0.0000000e+00
   3.3750000e+02   5.6250000e+01   0.0000000e+00
   2.2500000e+01   7.8750000e+01   0.0000000e+00
   6.7500000e+01   7.8750000e+01   0.0000000e+00
   1.1250000e+02   7.8750000e+01   0.0000000e+00
   1.5750000e+02   7.8750000e+01   0.0000000e+00
   2.0250000e+02   7.8750000e+01   0.0000000e+00
   2.4750000e+02   7.8750000e+01   0.0000000e+00
   2.9250000e+02   7.8750000e+01   0.0000000e+00
   3.3750000e+02   7.8750000e+01   0.0000000e+00
   2.2500000e+01   1.1250000e+01   9.0000000e+01
   6.7500000e+01   1.1250000e+01   9.0000000e+01
   1.1250000e+02   1.1250000e+01   9.0000000e+01
   1.5750000e+02   1.1250000e+01   9.0000000e+01
   2.0250000e+02   1.1250000e+01   9.0000000e+01
   2.4750000e+02   1.1250000e+01   9.0000000e+01
   2.9250000e+02   1.1250000e+01   9.0000000e+01
   3.3750000e+02   1.1250000e+01   9.0000000e+01
   2.2500000e+01   3.3750000e+01   9.0000000e+01
   6.7500000e+01   3.3750000e+01   9.0000000e+01
   1.1250000e+02   3.3750000e+01   9.0000000e+01
   1.5750000e+02   3.3750000e+01   9.0000000e+01
   2.0250000e+02   3.3750000e+01   9.0000000e+01
   2.4750000e+02   3.3750000e+01   9.0000000e+01
   2.9250000e+02   3.3750000e+01   9.0000000e+01
   3.3750000e+02   3.3750000e+01   9.0000000e+01
   2.2500000e+01   5.6250000e+01   9.0000000e+01
   6.7500000e+01   5.6250000e+01   9.0000000e+01
   1.1250000e+02   5.6250000e+01   9.0000000e+01
   1.5750000e+02   5.6250000e+01   9.0000000e+01
   2.0250000e+02   5.6250000e+01   9.0000000e+01
   2.4750000e+02   5.6250000e+01   9.0000000e+01
   2.9250000e+02   5.6250000e+01   9.0000000e+01
   3.3750000e+02   5.6250000e+01   9.0000000e+01
   2.2500000e+01   7.8750000e+01   9.0000000e+01
   6.7500000e+01   7.8750000e+01   9.0000000e+01
   1.1250000e+02   7.8750000e+01   9.0000000e+01
   1.5750000e+02   7.8750000e+01   9.0000000e+01
   2.0250000e+02   7.8750000e+01   9.0000000e+01
   2.4750000e+02   7.8750000e+01   9.0000000e+01
   2.9250000e+02   7.8750000e+01   9.0000000e+01
   3.3750000e+02   7.8750000e+01   9.0000000e+01
   2.2500000e+01   1.1250000e+01   1.8000000e+02
   6.7500000e+01   1.1250000e+01   1.8000000e+02
   1.1250000e+02   1.1250000e+01   1.8000000e+02
   1.5750000e+02   1.1250000e+01   1.8000000e+02
   2.0250000e+02   1.1250000e+01   1.8000000e+02
   2.4750000e+02   1.1250000e+01   1.8000000e+02
   2.9250000e+02   1.1250000e+01   1.8000000e+02
   3.3750000e+02   1.1250000e+01   1.8000000e+02
   2.2500000e+01   3.3750000e+01   1.8000000e+02
   6.7500000e+01   3.3750000e+01   1.8000000e+02
   1.1250000e+02   3.3750000e+01   1.8000000e+02
   1.5750000e+02   3.3750000e+01   1.8000000e+02
   2.0250000e+02   3.3750000e+01   1.8000000e+02
   2.4750000e+02   3.3750000e+01   1.8000000e+02
   2.9250000e+02   3.3750000e+01   1.8000000e+02
   3.3750000e+02   3.3750000e+01   1.8000000e+02
   2.2500000e+01   5.6250000e+01   1.8000000e+02
   6.7500000e+01   5.6250000e+01   1.8000000e+02
   1.1250000e+02   5.6250000e+01   1.8000000e+02
   1.5750000e+02   5.6250000e+01   1.8000000e+02
   2.0250000e+02   5.6250000e+01   1.8000000e+02
   2.4750000e+02   5.6250000e+01   1.8000000e+02
   2.9250000e+02   5.6250000e+01   1.8000000e+02
   3.3750000e+02   5.6250000e+01   1.8000000e+02
   2.2500000e+01   7.8750000e+01   1.8000000e+02
   6.7500000e+01   7.8750000e+01   1.8000000e+02
   1.1250000e+02   7.8750000e+01   1.8000000e+02
   1.5750000e+02   7.8750000e+01   1.8000000e+02
   2.0250000e+02   7.8750000e+01   1.8000000e+02
   2.4750000e+02   7.8750000e+01   1.8000000e+02
   2.9250000e+02   7.8750000e+01   1.8000000e+02
   3.3750000e+02   7.8750000e+01   1.8000000e+02
