41.484600 11.177800
41.584600 11.177800
41.684600 11.177800
41.784600 11.177800
41.884600 11.177800
41.984600 11.177800
42.084600 11.177800
42.184600 11.177800
42.284600 11.177800
42.384600 11.177800
42.484600 11.177800
42.584600 11.177800
42.684600 11.177800
42.784600 11.177800
42.884600 11.177800
42.984600 11.177800
43.084600 11.177800
43.184600 11.177800
43.284600 11.177800
43.384600 11.177800
43.484600 11.177800
43.584600 11.177800
43.684600 11.177800
43.784600 11.177800
43.884600 11.177800
43.984600 11.177800
44.084600 11.177800
41.484600 11.277800
41.584600 11.277800
41.684600 11.277800
41.784600 11.277800
41.884600 11.277800
41.984600 11.277800
42.084600 11.277800
42.184600 11.277800
42.284600 11.277800
42.384600 11.277800
42.484600 11.277800
42.584600 11.277800
42.684600 11.277800
42.784600 11.277800
42.884600 11.277800
42.984600 11.277800
43.084600 11.277800
43.184600 11.277800
43.284600 11.277800
43.384600 11.277800
43.484600 11.277800
43.584600 11.277800
43.684600 11.277800
43.784600 11.277800
43.884600 11.277800
43.984600 11.277800
44.084600 11.277800
41.484600 11.377800
41.584600 11.377800
41.684600 11.377800
41.784600 11.377800
41.884600 11.377800
41.984600 11.377800
42.084600 11.377800
42.184600 11.377800
42.284600 11.377800
42.384600 11.377800
42.484600 11.377800
42.584600 11.377800
42.684600 11.377800
42.784600 11.377800
42.884600 11.377800
42.984600 11.377800
43.084600 11.377800
43.184600 11.377800
43.284600 11.377800
43.384600 11.377800
43.484600 11.377800
43.584600 11.377800
43.684600 11.377800
43.784600 11.377800
43.884600 11.377800
43.984600 11.377800
44.084600 11.377800
41.484600 11.477800
41.584600 11.477800
41.684600 11.477800
41.784600 11.477800
41.884600 11.477800
41.984600 11.477800
42.084600 11.477800
42.184600 11.477800
42.284600 11.477800
42.384600 11.477800
42.484600 11.477800
42.584600 11.477800
42.684600 11.477800
42.784600 11.477800
42.884600 11.477800
42.984600 11.477800
43.084600 11.477800
43.184600 11.477800
43.284600 11.477800
43.384600 11.477800
43.484600 11.477800
43.584600 11.477800
43.684600 11.477800
43.784600 11.477800
43.884600 11.477800
43.984600 11.477800
44.084600 11.477800
41.484600 11.577800
41.584600 11.577800
41.684600 11.577800
41.784600 11.577800
41.884600 11.577800
41.984600 11.577800
42.084600 11.577800
42.184600 11.577800
42.284600 11.577800
42.384600 11.577800
42.484600 11.577800
42.584600 11.577800
42.684600 11.577800
42.784600 11.577800
42.884600 11.577800
42.984600 11.577800
43.084600 11.577800
43.184600 11.577800
43.284600 11.577800
43.384600 11.577800
43.484600 11.577800
43.584600 11.577800
43.684600 11.577800
43.784600 11.577800
43.884600 11.577800
43.984600 11.577800
44.084600 11.577800
41.484600 11.677800
41.584600 11.677800
41.684600 11.677800
41.784600 11.677800
41.884600 11.677800
41.984600 11.677800
42.084600 11.677800
42.184600 11.677800
42.284600 11.677800
42.384600 11.677800
42.484600 11.677800
42.584600 11.677800
42.684600 11.677800
42.784600 11.677800
42.884600 11.677800
42.984600 11.677800
43.084600 11.677800
43.184600 11.677800
43.284600 11.677800
43.384600 11.677800
43.484600 11.677800
43.584600 11.677800
43.684600 11.677800
43.784600 11.677800
43.884600 11.677800
43.984600 11.677800
44.084600 11.677800
41.484600 11.777800
41.584600 11.777800
41.684600 11.777800
41.784600 11.777800
41.884600 11.777800
41.984600 11.777800
42.084600 11.777800
42.184600 11.777800
42.284600 11.777800
42.384600 11.777800
42.484600 11.777800
42.584600 11.777800
42.684600 11.777800
42.784600 11.777800
42.884600 11.777800
42.984600 11.777800
43.084600 11.777800
43.184600 11.777800
43.284600 11.777800
43.384600 11.777800
43.484600 11.777800
43.584600 11.777800
43.684600 11.777800
43.784600 11.777800
43.884600 11.777800
43.984600 11.777800
44.084600 11.777800
41.484600 11.877800
41.584600 11.877800
41.684600 11.877800
41.784600 11.877800
41.884600 11.877800
41.984600 11.877800
42.084600 11.877800
42.184600 11.877800
42.284600 11.877800
42.384600 11.877800
42.484600 11.877800
42.584600 11.877800
42.684600 11.877800
42.784600 11.877800
42.884600 11.877800
42.984600 11.877800
43.084600 11.877800
43.184600 11.877800
43.284600 11.877800
43.384600 11.877800
43.484600 11.877800
43.584600 11.877800
43.684600 11.877800
43.784600 11.877800
43.884600 11.877800
43.984600 11.877800
44.084600 11.877800
41.484600 11.977800
41.584600 11.977800
41.684600 11.977800
41.784600 11.977800
41.884600 11.977800
41.984600 11.977800
42.084600 11.977800
42.184600 11.977800
42.284600 11.977800
42.384600 11.977800
42.484600 11.977800
42.584600 11.977800
42.684600 11.977800
42.784600 11.977800
42.884600 11.977800
42.984600 11.977800
43.084600 11.977800
43.184600 11.977800
43.284600 11.977800
43.384600 11.977800
43.484600 11.977800
43.584600 11.977800
43.684600 11.977800
43.784600 11.977800
43.884600 11.977800
43.984600 11.977800
44.084600 11.977800
41.484600 12.077800
41.584600 12.077800
41.684600 12.077800
41.784600 12.077800
41.884600 12.077800
41.984600 12.077800
42.084600 12.077800
42.184600 12.077800
42.284600 12.077800
42.384600 12.077800
42.484600 12.077800
42.584600 12.077800
42.684600 12.077800
42.784600 12.077800
42.884600 12.077800
42.984600 12.077800
43.084600 12.077800
43.184600 12.077800
43.284600 12.077800
43.384600 12.077800
43.484600 12.077800
43.584600 12.077800
43.684600 12.077800
43.784600 12.077800
43.884600 12.077800
43.984600 12.077800
44.084600 12.077800
41.484600 12.177800
41.584600 12.177800
41.684600 12.177800
41.784600 12.177800
41.884600 12.177800
41.984600 12.177800
42.084600 12.177800
42.184600 12.177800
42.284600 12.177800
42.384600 12.177800
42.484600 12.177800
42.584600 12.177800
42.684600 12.177800
42.784600 12.177800
42.884600 12.177800
42.984600 12.177800
43.084600 12.177800
43.184600 12.177800
43.284600 12.177800
43.384600 12.177800
43.484600 12.177800
43.584600 12.177800
43.684600 12.177800
43.784600 12.177800
43.884600 12.177800
43.984600 12.177800
44.084600 12.177800
41.484600 12.277800
41.584600 12.277800
41.684600 12.277800
41.784600 12.277800
41.884600 12.277800
41.984600 12.277800
42.084600 12.277800
42.184600 12.277800
42.284600 12.277800
42.384600 12.277800
42.484600 12.277800
42.584600 12.277800
42.684600 12.277800
42.784600 12.277800
42.884600 12.277800
42.984600 12.277800
43.084600 12.277800
43.184600 12.277800
43.284600 12.277800
43.384600 12.277800
43.484600 12.277800
43.584600 12.277800
43.684600 12.277800
43.784600 12.277800
43.884600 12.277800
43.984600 12.277800
44.084600 12.277800
41.484600 12.377800
41.584600 12.377800
41.684600 12.377800
41.784600 12.377800
41.884600 12.377800
41.984600 12.377800
42.084600 12.377800
42.184600 12.377800
42.284600 12.377800
42.384600 12.377800
42.484600 12.377800
42.584600 12.377800
42.684600 12.377800
42.784600 12.377800
42.884600 12.377800
42.984600 12.377800
43.084600 12.377800
43.184600 12.377800
43.284600 12.377800
43.384600 12.377800
43.484600 12.377800
43.584600 12.377800
43.684600 12.377800
43.784600 12.377800
43.884600 12.377800
43.984600 12.377800
44.084600 12.377800
41.484600 12.477800
41.584600 12.477800
41.684600 12.477800
41.784600 12.477800
41.884600 12.477800
41.984600 12.477800
42.084600 12.477800
42.184600 12.477800
42.284600 12.477800
42.384600 12.477800
42.484600 12.477800
42.584600 12.477800
42.684600 12.477800
42.784600 12.477800
42.884600 12.477800
42.984600 12.477800
43.084600 12.477800
43.184600 12.477800
43.284600 12.477800
43.384600 12.477800
43.484600 12.477800
43.584600 12.477800
43.684600 12.477800
43.784600 12.477800
43.884600 12.477800
43.984600 12.477800
44.084600 12.477800
41.484600 12.577800
41.584600 12.577800
41.684600 12.577800
41.784600 12.577800
41.884600 12.577800
41.984600 12.577800
42.084600 12.577800
42.184600 12.577800
42.284600 12.577800
42.384600 12.577800
42.484600 12.577800
42.584600 12.577800
42.684600 12.577800
42.784600 12.577800
42.884600 12.577800
42.984600 12.577800
43.084600 12.577800
43.184600 12.577800
43.284600 12.577800
43.384600 12.577800
43.484600 12.577800
43.584600 12.577800
43.684600 12.577800
43.784600 12.577800
43.884600 12.577800
43.984600 12.577800
44.084600 12.577800
41.484600 12.677800
41.584600 12.677800
41.684600 12.677800
41.784600 12.677800
41.884600 12.677800
41.984600 12.677800
42.084600 12.677800
42.184600 12.677800
42.284600 12.677800
42.384600 12.677800
42.484600 12.677800
42.584600 12.677800
42.684600 12.677800
42.784600 12.677800
42.884600 12.677800
42.984600 12.677800
43.084600 12.677800
43.184600 12.677800
43.284600 12.677800
43.384600 12.677800
43.484600 12.677800
43.584600 12.677800
43.684600 12.677800
43.784600 12.677800
43.884600 12.677800
43.984600 12.677800
44.084600 12.677800
41.484600 12.777800
41.584600 12.777800
41.684600 12.777800
41.784600 12.777800
41.884600 12.777800
41.984600 12.777800
42.084600 12.777800
42.184600 12.777800
42.284600 12.777800
42.384600 12.777800
42.484600 12.777800
42.584600 12.777800
42.684600 12.777800
42.784600 12.777800
42.884600 12.777800
42.984600 12.777800
43.084600 12.777800
43.184600 12.777800
43.284600 12.777800
43.384600 12.777800
43.484600 12.777800
43.584600 12.777800
43.684600 12.777800
43.784600 12.777800
43.884600 12.777800
43.984600 12.777800
44.084600 12.777800
41.484600 12.877800
41.584600 12.877800
41.684600 12.877800
41.784600 12.877800
41.884600 12.877800
41.984600 12.877800
42.084600 12.877800
42.184600 12.877800
42.284600 12.877800
42.384600 12.877800
42.484600 12.877800
42.584600 12.877800
42.684600 12.877800
42.784600 12.877800
42.884600 12.877800
42.984600 12.877800
43.084600 12.877800
43.184600 12.877800
43.284600 12.877800
43.384600 12.877800
43.484600 12.877800
43.584600 12.877800
43.684600 12.877800
43.784600 12.877800
43.884600 12.877800
43.984600 12.877800
44.084600 12.877800
41.484600 12.977800
41.584600 12.977800
41.684600 12.977800
41.784600 12.977800
41.884600 12.977800
41.984600 12.977800
42.084600 12.977800
42.184600 12.977800
42.284600 12.977800
42.384600 12.977800
42.484600 12.977800
42.584600 12.977800
42.684600 12.977800
42.784600 12.977800
42.884600 12.977800
42.984600 12.977800
43.084600 12.977800
43.184600 12.977800
43.284600 12.977800
43.384600 12.977800
43.484600 12.977800
43.584600 12.977800
43.684600 12.977800
43.784600 12.977800
43.884600 12.977800
43.984600 12.977800
44.084600 12.977800
41.484600 13.077800
41.584600 13.077800
41.684600 13.077800
41.784600 13.077800
41.884600 13.077800
41.984600 13.077800
42.084600 13.077800
42.184600 13.077800
42.284600 13.077800
42.384600 13.077800
42.484600 13.077800
42.584600 13.077800
42.684600 13.077800
42.784600 13.077800
42.884600 13.077800
42.984600 13.077800
43.084600 13.077800
43.184600 13.077800
43.284600 13.077800
43.384600 13.077800
43.484600 13.077800
43.584600 13.077800
43.684600 13.077800
43.784600 13.077800
43.884600 13.077800
43.984600 13.077800
44.084600 13.077800
41.484600 13.177800
41.584600 13.177800
41.684600 13.177800
41.784600 13.177800
41.884600 13.177800
41.984600 13.177800
42.084600 13.177800
42.184600 13.177800
42.284600 13.177800
42.384600 13.177800
42.484600 13.177800
42.584600 13.177800
42.684600 13.177800
42.784600 13.177800
42.884600 13.177800
42.984600 13.177800
43.084600 13.177800
43.184600 13.177800
43.284600 13.177800
43.384600 13.177800
43.484600 13.177800
43.584600 13.177800
43.684600 13.177800
43.784600 13.177800
43.884600 13.177800
43.984600 13.177800
44.084600 13.177800
41.484600 13.277800
41.584600 13.277800
41.684600 13.277800
41.784600 13.277800
41.884600 13.277800
41.984600 13.277800
42.084600 13.277800
42.184600 13.277800
42.284600 13.277800
42.384600 13.277800
42.484600 13.277800
42.584600 13.277800
42.684600 13.277800
42.784600 13.277800
42.884600 13.277800
42.984600 13.277800
43.084600 13.277800
43.184600 13.277800
43.284600 13.277800
43.384600 13.277800
43.484600 13.277800
43.584600 13.277800
43.684600 13.277800
43.784600 13.277800
43.884600 13.277800
43.984600 13.277800
44.084600 13.277800
41.484600 13.377800
41.584600 13.377800
41.684600 13.377800
41.784600 13.377800
41.884600 13.377800
41.984600 13.377800
42.084600 13.377800
42.184600 13.377800
42.284600 13.377800
42.384600 13.377800
42.484600 13.377800
42.584600 13.377800
42.684600 13.377800
42.784600 13.377800
42.884600 13.377800
42.984600 13.377800
43.084600 13.377800
43.184600 13.377800
43.284600 13.377800
43.384600 13.377800
43.484600 13.377800
43.584600 13.377800
43.684600 13.377800
43.784600 13.377800
43.884600 13.377800
43.984600 13.377800
44.084600 13.377800
41.484600 13.477800
41.584600 13.477800
41.684600 13.477800
41.784600 13.477800
41.884600 13.477800
41.984600 13.477800
42.084600 13.477800
42.184600 13.477800
42.284600 13.477800
42.384600 13.477800
42.484600 13.477800
42.584600 13.477800
42.684600 13.477800
42.784600 13.477800
42.884600 13.477800
42.984600 13.477800
43.084600 13.477800
43.184600 13.477800
43.284600 13.477800
43.384600 13.477800
43.484600 13.477800
43.584600 13.477800
43.684600 13.477800
43.784600 13.477800
43.884600 13.477800
43.984600 13.477800
44.084600 13.477800
41.484600 13.577800
41.584600 13.577800
41.684600 13.577800
41.784600 13.577800
41.884600 13.577800
41.984600 13.577800
42.084600 13.577800
42.184600 13.577800
42.284600 13.577800
42.384600 13.577800
42.484600 13.577800
42.584600 13.577800
42.684600 13.577800
42.784600 13.577800
42.884600 13.577800
42.984600 13.577800
43.084600 13.577800
43.184600 13.577800
43.284600 13.577800
43.384600 13.577800
43.484600 13.577800
43.584600 13.577800
43.684600 13.577800
43.784600 13.577800
43.884600 13.577800
43.984600 13.577800
44.084600 13.577800
41.484600 13.677800
41.584600 13.677800
41.684600 13.677800
41.784600 13.677800
41.884600 13.677800
41.984600 13.677800
42.084600 13.677800
42.184600 13.677800
42.284600 13.677800
42.384600 13.677800
42.484600 13.677800
42.584600 13.677800
42.684600 13.677800
42.784600 13.677800
42.884600 13.677800
42.984600 13.677800
43.084600 13.677800
43.184600 13.677800
43.284600 13.677800
43.384600 13.677800
43.484600 13.677800
43.584600 13.677800
43.684600 13.677800
43.784600 13.677800
43.884600 13.677800
43.984600 13.677800
44.084600 13.677800
41.484600 13.777800
41.584600 13.777800
41.684600 13.777800
41.784600 13.777800
41.884600 13.777800
41.984600 13.777800
42.084600 13.777800
42.184600 13.777800
42.284600 13.777800
42.384600 13.777800
42.484600 13.777800
42.584600 13.777800
42.684600 13.777800
42.784600 13.777800
42.884600 13.777800
42.984600 13.777800
43.084600 13.777800
43.184600 13.777800
43.284600 13.777800
43.384600 13.777800
43.484600 13.777800
43.584600 13.777800
43.684600 13.777800
43.784600 13.777800
43.884600 13.777800
43.984600 13.777800
44.084600 13.777800
41.484600 13.877800
41.584600 13.877800
41.684600 13.877800
41.784600 13.877800
41.884600 13.877800
41.984600 13.877800
42.084600 13.877800
42.184600 13.877800
42.284600 13.877800
42.384600 13.877800
42.484600 13.877800
42.584600 13.877800
42.684600 13.877800
42.784600 13.877800
42.884600 13.877800
42.984600 13.877800
43.084600 13.877800
43.184600 13.877800
43.284600 13.877800
43.384600 13.877800
43.484600 13.877800
43.584600 13.877800
43.684600 13.877800
43.784600 13.877800
43.884600 13.877800
43.984600 13.877800
44.084600 13.877800
41.484600 13.977800
41.584600 13.977800
41.684600 13.977800
41.784600 13.977800
41.884600 13.977800
41.984600 13.977800
42.084600 13.977800
42.184600 13.977800
42.284600 13.977800
42.384600 13.977800
42.484600 13.977800
42.584600 13.977800
42.684600 13.977800
42.784600 13.977800
42.884600 13.977800
42.984600 13.977800
43.084600 13.977800
43.184600 13.977800
43.284600 13.977800
43.384600 13.977800
43.484600 13.977800
43.584600 13.977800
43.684600 13.977800
43.784600 13.977800
43.884600 13.977800
43.984600 13.977800
44.084600 13.977800
41.484600 14.077800
41.584600 14.077800
41.684600 14.077800
41.784600 14.077800
41.884600 14.077800
41.984600 14.077800
42.084600 14.077800
42.184600 14.077800
42.284600 14.077800
42.384600 14.077800
42.484600 14.077800
42.584600 14.077800
42.684600 14.077800
42.784600 14.077800
42.884600 14.077800
42.984600 14.077800
43.084600 14.077800
43.184600 14.077800
43.284600 14.077800
43.384600 14.077800
43.484600 14.077800
43.584600 14.077800
43.684600 14.077800
43.784600 14.077800
43.884600 14.077800
43.984600 14.077800
44.084600 14.077800
41.484600 14.177800
41.584600 14.177800
41.684600 14.177800
41.784600 14.177800
41.884600 14.177800
41.984600 14.177800
42.084600 14.177800
42.184600 14.177800
42.284600 14.177800
42.384600 14.177800
42.484600 14.177800
42.584600 14.177800
42.684600 14.177800
42.784600 14.177800
42.884600 14.177800
42.984600 14.177800
43.084600 14.177800
43.184600 14.177800
43.284600 14.177800
43.384600 14.177800
43.484600 14.177800
43.584600 14.177800
43.684600 14.177800
43.784600 14.177800
43.884600 14.177800
43.984600 14.177800
44.084600 14.177800
41.484600 14.277800
41.584600 14.277800
41.684600 14.277800
41.784600 14.277800
41.884600 14.277800
41.984600 14.277800
42.084600 14.277800
42.184600 14.277800
42.284600 14.277800
42.384600 14.277800
42.484600 14.277800
42.584600 14.277800
42.684600 14.277800
42.784600 14.277800
42.884600 14.277800
42.984600 14.277800
43.084600 14.277800
43.184600 14.277800
43.284600 14.277800
43.384600 14.277800
43.484600 14.277800
43.584600 14.277800
43.684600 14.277800
43.784600 14.277800
43.884600 14.277800
43.984600 14.277800
44.084600 14.277800
41.484600 14.377800
41.584600 14.377800
41.684600 14.377800
41.784600 14.377800
41.884600 14.377800
41.984600 14.377800
42.084600 14.377800
42.184600 14.377800
42.284600 14.377800
42.384600 14.377800
42.484600 14.377800
42.584600 14.377800
42.684600 14.377800
42.784600 14.377800
42.884600 14.377800
42.984600 14.377800
43.084600 14.377800
43.184600 14.377800
43.284600 14.377800
43.384600 14.377800
43.484600 14.377800
43.584600 14.377800
43.684600 14.377800
43.784600 14.377800
43.884600 14.377800
43.984600 14.377800
44.084600 14.377800
41.484600 14.477800
41.584600 14.477800
41.684600 14.477800
41.784600 14.477800
41.884600 14.477800
41.984600 14.477800
42.084600 14.477800
42.184600 14.477800
42.284600 14.477800
42.384600 14.477800
42.484600 14.477800
42.584600 14.477800
42.684600 14.477800
42.784600 14.477800
42.884600 14.477800
42.984600 14.477800
43.084600 14.477800
43.184600 14.477800
43.284600 14.477800
43.384600 14.477800
43.484600 14.477800
43.584600 14.477800
43.684600 14.477800
43.784600 14.477800
43.884600 14.477800
43.984600 14.477800
44.084600 14.477800
41.484600 14.577800
41.584600 14.577800
41.684600 14.577800
41.784600 14.577800
41.884600 14.577800
41.984600 14.577800
42.084600 14.577800
42.184600 14.577800
42.284600 14.577800
42.384600 14.577800
42.484600 14.577800
42.584600 14.577800
42.684600 14.577800
42.784600 14.577800
42.884600 14.577800
42.984600 14.577800
43.084600 14.577800
43.184600 14.577800
43.284600 14.577800
43.384600 14.577800
43.484600 14.577800
43.584600 14.577800
43.684600 14.577800
43.784600 14.577800
43.884600 14.577800
43.984600 14.577800
44.084600 14.577800
41.484600 14.677800
41.584600 14.677800
41.684600 14.677800
41.784600 14.677800
41.884600 14.677800
41.984600 14.677800
42.084600 14.677800
42.184600 14.677800
42.284600 14.677800
42.384600 14.677800
42.484600 14.677800
42.584600 14.677800
42.684600 14.677800
42.784600 14.677800
42.884600 14.677800
42.984600 14.677800
43.084600 14.677800
43.184600 14.677800
43.284600 14.677800
43.384600 14.677800
43.484600 14.677800
43.584600 14.677800
43.684600 14.677800
43.784600 14.677800
43.884600 14.677800
43.984600 14.677800
44.084600 14.677800
41.484600 14.777800
41.584600 14.777800
41.684600 14.777800
41.784600 14.777800
41.884600 14.777800
41.984600 14.777800
42.084600 14.777800
42.184600 14.777800
42.284600 14.777800
42.384600 14.777800
42.484600 14.777800
42.584600 14.777800
42.684600 14.777800
42.784600 14.777800
42.884600 14.777800
42.984600 14.777800
43.084600 14.777800
43.184600 14.777800
43.284600 14.777800
43.384600 14.777800
43.484600 14.777800
43.584600 14.777800
43.684600 14.777800
43.784600 14.777800
43.884600 14.777800
43.984600 14.777800
44.084600 14.777800
41.484600 14.877800
41.584600 14.877800
41.684600 14.877800
41.784600 14.877800
41.884600 14.877800
41.984600 14.877800
42.084600 14.877800
42.184600 14.877800
42.284600 14.877800
42.384600 14.877800
42.484600 14.877800
42.584600 14.877800
42.684600 14.877800
42.784600 14.877800
42.884600 14.877800
42.984600 14.877800
43.084600 14.877800
43.184600 14.877800
43.284600 14.877800
43.384600 14.877800
43.484600 14.877800
43.584600 14.877800
43.684600 14.877800
43.784600 14.877800
43.884600 14.877800
43.984600 14.877800
44.084600 14.877800
41.484600 14.977800
41.584600 14.977800
41.684600 14.977800
41.784600 14.977800
41.884600 14.977800
41.984600 14.977800
42.084600 14.977800
42.184600 14.977800
42.284600 14.977800
42.384600 14.977800
42.484600 14.977800
42.584600 14.977800
42.684600 14.977800
42.784600 14.977800
42.884600 14.977800
42.984600 14.977800
43.084600 14.977800
43.184600 14.977800
43.284600 14.977800
43.384600 14.977800
43.484600 14.977800
43.584600 14.977800
43.684600 14.977800
43.784600 14.977800
43.884600 14.977800
43.984600 14.977800
44.084600 14.977800
41.484600 15.077800
41.584600 15.077800
41.684600 15.077800
41.784600 15.077800
41.884600 15.077800
41.984600 15.077800
42.084600 15.077800
42.184600 15.077800
42.284600 15.077800
42.384600 15.077800
42.484600 15.077800
42.584600 15.077800
42.684600 15.077800
42.784600 15.077800
42.884600 15.077800
42.984600 15.077800
43.084600 15.077800
43.184600 15.077800
43.284600 15.077800
43.384600 15.077800
43.484600 15.077800
43.584600 15.077800
43.684600 15.077800
43.784600 15.077800
43.884600 15.077800
43.984600 15.077800
44.084600 15.077800
