6.733227 13.283931 42.664259 20.696372 111.620173 55.035025 -56.561789
6.771620 13.183253 42.899419 5.331336 106.454626 68.740277 38.450194
6.755635 13.701294 43.045427 6.232107 83.944003 66.902729 137.173377
6.337538 13.216933 42.687100 12.302272 136.935066 22.663604 82.474776
6.287637 13.228470 42.871668 15.175570 132.045833 82.525694 155.787561
6.175809 13.003337 42.715468 11.100996 169.762024 42.430240 -126.155431
6.398724 13.057901 43.001306 10.198248 165.318847 31.277379 134.328371
6.849372 13.260300 42.698918 17.068930 173.836622 36.353444 96.554729
6.327729 13.023284 42.808213 15.519683 77.026146 70.825279 44.192306
6.430683 13.041749 42.747695 8.314355 328.985206 30.844920 -65.546136
6.162868 13.021833 42.871902 11.239763 356.821585 43.113230 -20.753608
6.073267 12.990296 42.782890 6.292128 323.703295 22.513845 -104.356666
6.928929 12.783373 43.269337 6.379018 169.052637 57.034867 82.227190
6.285764 13.164912 42.740840 4.161417 104.125416 51.788860 -107.897088
6.647406 13.058902 42.990157 16.408162 117.765111 73.043576 -129.738791
6.385725 13.142301 42.747964 11.781296 138.222609 38.124318 111.153585
6.951669 13.332076 42.746672 5.071563 338.048997 46.078211 102.368542
6.415719 12.850465 42.739807 16.203754 231.492939 67.216843 62.843233
6.446844 12.983096 42.722279 11.492468 2.013271 49.420967 -134.967993
6.442284 13.069888 42.915795 6.330812 78.314267 24.774077 -53.979502
5.963452 13.089564 42.862078 3.916728 160.541680 46.578336 -126.104173
6.414959 13.270795 42.941996 13.564756 154.244806 31.169619 110.216663
6.407588 13.043187 42.815367 3.964712 141.208581 34.502477 -154.956215
6.550187 13.119123 43.016864 12.409089 142.192652 26.945790 53.755301
5.898657 13.060550 42.828904 12.911097 156.743784 76.872893 -100.553507
6.578412 13.169634 42.621699 14.825461 171.664086 59.688159 -53.661096
6.728231 13.196218 42.861111 17.173869 176.871604 44.246793 -125.952402
6.437548 12.972753 42.846790 5.021981 322.402262 23.767842 -52.541110
6.281338 13.006496 42.830073 7.364576 358.641395 37.745970 -123.513830
6.935419 13.370299 42.805759 20.639940 141.676904 32.251431 99.875204
6.562778 13.217450 42.802077 9.290055 324.484019 70.532350 -108.829185
6.794222 13.020843 42.982319 19.929139 246.921851 30.053125 129.445886
6.713676 13.270821 42.822879 6.539785 319.433056 53.163635 12.370506
5.886709 13.121091 42.874228 12.771567 43.718898 82.277737 141.916931
6.966492 13.362731 42.747409 8.556515 135.965098 34.553560 64.385712
6.400447 13.264108 42.563520 5.272804 122.630505 79.962855 -168.328066
6.459136 13.186895 42.970905 11.319242 137.710179 58.600795 89.144277
6.796770 13.291390 42.988777 7.212975 171.991811 28.889373 99.827528
6.531945 12.904777 42.796739 3.905022 236.576221 56.430229 -97.247032
6.607218 13.013267 42.942745 11.345750 169.780951 82.468650 -145.154676
6.340243 13.208110 42.973400 6.350719 74.359628 47.715037 122.695890
6.252028 13.349795 42.833128 8.510393 131.349395 45.935700 -69.485765
6.841172 13.017203 42.655815 13.044511 172.443900 11.713365 -21.803115
6.662210 13.042743 43.235494 15.916047 99.353201 80.301057 -139.840752
6.209093 13.144849 42.860772 13.224963 145.185009 55.314903 -101.543369
6.902137 13.172996 43.031671 14.362846 178.200868 22.162623 113.217736
6.908775 13.502966 43.028034 8.564608 253.543808 19.853890 132.555263
6.598872 13.401998 43.030724 11.425660 172.418694 21.577608 114.529014
6.388694 13.123975 42.869278 12.028629 163.604170 41.868041 -53.592411
6.837495 12.730757 43.393160 12.717611 355.730975 37.971688 -98.526418
6.235782 13.068308 42.724426 4.761236 136.705967 57.751177 90.241973
6.957830 12.799747 42.909345 17.530284 329.434481 36.928930 -56.815715
6.262314 12.977013 42.601597 3.840564 243.077259 71.000678 -114.609697
5.753821 13.271900 42.739492 17.382686 139.462486 70.856196 -1.510035
6.600474 13.055654 42.825464 10.013889 357.544311 43.528577 -115.637363
6.097827 13.219955 42.885283 10.781734 138.845661 29.972703 72.032194
6.471294 13.070764 42.685027 14.564657 103.728333 88.890218 -151.999546
6.094827 12.970264 42.814933 14.842750 349.505281 39.821074 -107.104500
6.350594 13.206218 42.728201 5.518833 123.491818 80.022923 152.868418
6.507842 13.018561 42.571956 12.539186 323.068342 21.237868 -114.879423
6.731043 12.850049 42.932784 13.325444 148.708925 53.013814 -82.166404
6.713906 13.101008 42.825972 8.210177 133.001173 14.144195 74.033618
6.639349 12.790702 42.827673 16.062519 152.186349 10.451695 -95.118002
6.666881 12.976434 42.696525 15.986435 168.958804 58.112784 -58.672859
6.656046 13.052253 43.027494 7.647062 151.883087 40.788889 -69.294312
6.890583 12.578857 42.627423 9.140164 330.160292 30.629131 49.366052
6.139987 13.073583 42.757000 8.641771 318.182962 34.113415 -127.607010
6.598353 13.286169 42.750468 4.385380 189.645663 22.106682 -14.324160
6.874681 12.629006 42.847581 14.035567 346.654280 21.377540 -116.708273
7.336489 13.582125 42.808727 14.352317 252.623163 75.646521 170.872438
6.794856 12.890070 42.911318 14.760375 152.943360 22.789997 65.203355
6.281640 13.187690 42.846213 9.300446 338.053743 68.446443 81.471093
6.374436 13.097730 42.714620 3.419813 155.431857 56.308597 -108.736294
6.441960 13.099418 42.741260 11.671039 344.767815 26.283585 -84.569088
6.167227 13.128624 42.860445 13.615969 144.475451 27.143880 106.851574
5.903400 13.189554 42.751313 15.095238 96.815900 50.658903 -77.718952
6.742154 13.395632 42.694225 17.563896 130.717026 59.551124 161.839355
6.879415 13.346053 42.831489 8.660109 141.778759 42.163920 -134.345451
6.526891 13.258703 42.705467 8.013431 171.056844 21.319043 51.225458
6.860086 13.191322 43.179818 5.709715 179.074655 25.135016 92.102411
6.618665 13.090121 42.887938 5.976323 179.414655 52.990789 -107.990912
6.185169 13.216055 42.944421 7.393136 278.368088 59.230374 120.989782
6.626221 13.367137 42.829513 7.600050 11.466862 11.791971 57.528830
6.611190 13.150164 42.864704 11.865634 64.729167 87.564838 -163.129809
6.454729 13.101600 42.757380 13.580379 238.319801 40.127087 -114.092465
6.345981 13.216346 42.912120 10.872656 124.050017 86.102959 -179.974776
6.601390 13.015252 43.079125 4.934716 148.518617 35.235688 85.235130
6.920825 12.636516 42.771562 13.090061 343.530459 39.164205 -67.306760
6.207703 13.081811 42.736352 7.298411 110.553695 87.403982 -161.099094
6.122581 13.113085 42.813090 14.030262 160.035311 53.619402 -48.143450
6.574627 13.200872 42.818744 6.806610 195.788146 61.267220 116.473642
6.393484 13.171020 42.941508 22.333921 169.239150 26.993058 101.867158
6.520919 12.925774 42.870280 9.906117 150.710299 43.300280 -114.890745
6.494846 13.033868 42.756338 9.981247 140.816035 82.084740 141.465128
6.706222 13.119428 42.849562 6.532068 163.106861 28.405668 102.386826
5.839991 13.213558 42.862958 7.755739 118.992738 84.327021 -9.101578
6.194351 13.115144 42.871963 6.241610 105.473444 27.212977 154.611286
6.936031 13.122486 42.480093 6.597217 132.267539 41.538452 -95.467054
6.389433 13.071508 42.885225 10.254437 250.096573 37.461799 159.586736
6.637715 13.359594 42.726167 9.543723 242.634485 37.173598 103.849571
6.473079 13.148020 42.825393 11.172004 110.844579 24.824305 80.852389
6.891014 13.470500 42.842483 8.956935 192.665203 54.084482 168.522818
6.485906 13.093391 42.846283 5.969403 172.804145 20.119905 -91.794173
6.496065 13.276115 42.853472 5.157710 173.195510 34.973926 77.276552
6.270296 13.236399 42.866043 3.932140 26.549113 70.463875 -53.128444
6.331912 13.238313 42.943550 12.519610 148.626183 25.545155 77.026311
6.385730 12.962756 42.717919 17.409008 94.555580 45.438824 -119.372078
6.672296 13.392765 42.812644 11.535418 61.205678 30.722047 102.025142
6.260937 13.233278 42.978404 16.259358 165.515150 37.785947 52.648042
6.467233 13.216516 42.797851 3.978489 270.760331 65.481323 22.953970
6.815761 13.229209 42.905656 23.731109 141.308934 29.102875 126.010627
6.602504 13.198991 42.767184 12.631234 164.647164 27.184814 91.999104
6.696625 13.090652 42.781818 6.521530 358.150619 36.364151 -69.543500
7.255998 12.853881 42.741392 8.783284 168.065621 42.002914 -132.470079
6.486062 13.119863 42.831037 19.820160 132.268335 52.166555 -60.912438
6.726505 13.170462 42.700535 10.052820 150.182564 33.298938 91.246083
6.488382 13.127847 42.905662 17.183835 111.927216 61.997358 -73.766770
7.023327 13.740031 43.147707 5.335301 128.654385 44.927490 -65.045146
6.141101 13.005625 42.919829 2.827809 141.580898 55.302190 -86.416381
6.974318 13.305123 42.517337 6.355364 151.372191 65.846207 7.655769
6.626522 13.405379 42.884089 7.849179 354.232103 30.030501 108.457588
6.142037 13.012010 42.779823 5.586612 151.592581 48.826379 -48.926738
6.311899 12.999044 42.966162 6.539804 336.960468 30.945365 98.953836
6.547270 13.053642 42.923500 14.412796 147.435030 47.930348 -77.851535
6.131748 13.027397 42.899980 9.199748 163.832825 38.223341 133.908860
7.148557 12.521290 42.899806 8.601846 158.860096 72.709311 -55.386948
6.593439 13.085759 42.819999 7.779077 279.354302 62.468326 -144.111090
6.420389 12.941828 42.766125 19.762942 144.593032 51.299573 134.020935
6.164328 13.072168 42.692340 7.319260 319.591498 21.931361 -77.926648
6.516309 12.795799 42.478215 19.189879 330.914550 25.428935 -69.553482
6.617322 13.063783 43.192253 18.374977 308.091861 72.376193 60.923885
6.801733 12.906885 42.789023 21.527698 331.868248 32.920334 -98.662135
6.907252 13.071684 42.883418 10.787024 319.515661 46.766889 -18.381392
6.562097 13.255217 42.803695 16.710667 111.799580 10.897806 131.004690
6.605326 13.279189 43.024665 6.412831 170.077863 23.361809 106.316041
6.133975 13.197819 42.896188 18.121113 178.689152 39.889660 131.594768
6.509024 12.995604 42.900155 7.793422 176.554055 42.387136 -106.901927
6.444289 13.050676 42.736804 18.428467 178.440941 29.659760 -68.484661
6.481872 13.155898 42.832668 9.735226 98.457063 83.249686 147.137021
6.429032 13.075707 42.751405 7.907065 317.302138 30.710234 54.061594
5.972970 13.024908 42.785979 13.556284 336.982375 54.302532 -101.147096
6.611273 13.446717 43.111220 15.055973 136.833280 44.837153 131.392699
6.565601 13.216126 42.745543 7.715843 143.277889 45.243883 -81.349634
6.305138 12.955890 42.885456 16.830164 136.527008 44.977351 -65.393515
6.449469 13.439301 42.661502 10.851345 291.729373 19.150711 -70.199864
6.697071 13.481438 42.819867 6.313263 45.924654 61.118779 -7.690236
6.898932 13.251993 43.003951 9.217533 11.047791 26.989142 70.570432
6.623960 13.074121 42.909042 16.111351 21.235818 41.933596 -177.471145
6.091547 13.266303 42.795995 11.700054 61.727726 82.780629 -154.014566
6.241603 13.057464 42.766930 6.464400 155.441583 58.647299 -113.157397
6.748139 13.278093 42.873752 3.943917 17.793226 41.171658 -62.622890
6.383067 13.274331 42.844232 4.389066 169.246126 46.954650 -102.229557
6.459716 13.036876 42.976666 20.461369 359.351159 54.928746 -71.911134
6.514518 13.073303 42.729194 17.825475 324.782883 31.272937 -65.357457
6.408075 13.095231 42.717506 3.812180 145.164459 56.381539 -89.097485
6.245176 13.045655 42.696526 15.163811 304.038846 32.311053 -83.045138
5.996743 13.168749 42.852673 12.833230 175.693881 55.520764 119.155927
6.942043 13.385793 42.824332 6.000666 176.114801 38.317326 124.350336
6.505346 13.310480 42.747332 5.779285 1.551041 63.076974 -73.309382
5.834972 13.141846 42.841213 8.655919 167.704528 35.676806 -76.848195
6.980715 12.763989 43.009019 16.230021 107.797461 39.563791 -142.075423
7.370345 13.054867 42.892481 11.824282 139.042540 53.775091 -131.954215
6.703365 13.600437 42.718990 12.127698 160.172625 33.442152 113.459328
5.807972 13.065593 42.864474 7.864617 145.764773 54.662707 -99.785190
6.880582 13.133808 42.730152 7.889774 155.637016 54.053061 -93.136383
6.471841 13.117701 42.695881 8.627430 149.358565 49.177645 -102.278338
5.928343 13.037568 42.743571 4.759747 35.036298 27.347087 -79.994860
5.680841 13.052862 42.850785 16.548872 135.289935 50.969464 -78.307031
6.405355 12.960166 42.783241 2.312889 342.803896 25.826154 -92.926152
6.491262 13.097945 42.899084 3.517593 162.371231 23.979730 52.741977
6.453484 13.010166 42.874645 4.991783 119.143269 87.556481 -141.430892
6.820356 12.653888 42.869282 6.606063 349.594669 21.027921 -54.276078
6.775458 13.218138 43.104747 5.502158 84.041211 77.316375 120.769581
6.648897 13.150199 42.818189 8.009607 326.243587 63.065751 -46.296049
6.388523 13.122961 42.909679 9.436074 137.332157 42.675734 -61.373686
5.754390 13.086022 42.811824 12.591647 154.478604 49.968836 -97.788274
6.302022 13.328793 42.704074 11.102328 147.946934 26.692257 46.744651
6.529403 13.023068 42.790648 10.977841 5.867727 42.967192 157.966772
6.504625 13.002163 42.881795 8.533680 53.423334 71.171112 -74.699752
6.366273 13.244645 42.751248 7.319811 141.457162 38.085018 60.576523
6.530321 13.036599 42.813703 21.308803 128.720141 46.847737 -98.976532
6.299326 13.174865 42.849208 15.090754 153.599047 31.580143 109.032681
6.508258 13.238243 42.914053 10.875000 1.891221 71.744631 -3.002472
6.621297 13.117819 42.715589 3.920203 170.078447 49.085651 -128.011229
6.506108 13.050217 42.998891 22.460017 148.869762 24.896669 112.420921
6.373887 13.185669 42.750724 22.503160 167.132421 21.278384 49.108024
6.671664 13.461434 42.676378 7.730582 151.944026 28.903924 50.492315
6.807692 13.356138 42.788048 13.090110 343.512794 75.360268 -93.527765
6.778086 13.055497 42.669355 4.431226 133.122244 47.840999 -105.162071
5.962263 13.022531 42.808683 11.894986 44.430173 89.102118 -140.566935
6.690032 13.310713 43.076717 11.461476 136.756165 37.267113 126.685538
6.300679 12.970193 43.080202 3.436600 152.107556 29.247372 98.463815
6.226239 13.135581 42.658238 3.584182 106.752376 64.637887 -174.574760
6.477547 13.025265 42.894471 10.679679 332.974643 41.877972 -72.890132
6.243829 13.085399 42.691218 12.929514 107.300944 83.819867 -164.570584
6.524309 13.331415 42.588012 13.703752 116.845529 84.619494 5.879919
6.353081 12.701142 42.890272 13.473958 354.918721 28.425701 -75.401047
6.708213 13.159454 42.897613 8.025540 67.150273 32.646466 -90.236372
6.301231 13.100150 42.682816 15.532902 297.668111 66.000934 -158.911736
6.943995 13.279838 42.608385 5.921971 116.625055 57.284905 -91.687813
6.533004 13.144618 42.950331 14.833225 326.083854 70.878658 125.620496
6.398210 12.905216 42.933001 3.949095 48.545632 77.253394 144.298806
6.442502 12.867734 42.592219 10.514433 97.156197 78.910983 -153.860554
6.585595 13.350865 42.701521 19.890291 151.430347 47.944914 -77.903383
6.388327 13.180309 42.860910 8.453582 147.130451 45.062481 -119.845749
6.923357 13.244193 43.156504 17.189732 30.600683 50.679840 -54.682767
6.515661 13.248634 42.895464 10.215621 151.353357 32.873734 93.236312
6.785652 13.350185 43.087913 7.770939 77.621572 57.049648 72.814316
6.747591 12.943892 43.052071 18.915460 176.687593 86.003071 74.447838
6.522166 13.173470 43.068813 3.527379 173.060150 24.221270 131.680445
6.724157 13.379715 42.908207 17.929876 177.610237 34.042753 79.704141
6.393656 13.216968 42.955297 10.734964 174.003101 27.148367 108.111084
6.550480 13.111960 43.004475 23.616555 328.068777 44.539526 -58.779828
6.019841 13.196902 42.752717 14.722821 198.457933 58.601593 110.749311
6.542788 13.337360 43.016064 11.506568 329.474383 49.833393 -117.080022
6.637777 12.947558 42.975471 14.411644 339.890018 45.060541 -99.786958
6.072388 13.052768 42.646419 9.080771 319.096733 38.794101 -132.032531
6.715814 13.154724 42.714870 6.090729 159.872449 33.846027 60.100914
6.315200 13.022395 42.890692 7.735192 140.792669 58.545027 -87.962316
6.445307 13.227592 42.902310 5.521586 0.715252 57.021515 -118.391648
6.313481 13.050414 42.847418 10.157321 142.632683 41.300250 -117.965091
6.958701 13.080150 42.779014 7.428927 135.032473 41.251515 -80.340174
6.633134 12.944932 42.802414 10.395220 346.476438 38.032451 -69.534327
6.274988 12.957998 42.690246 8.203683 171.351802 48.181843 -91.218474
6.573859 12.851527 42.758720 9.955497 175.492568 48.363531 96.753341
6.708544 12.895573 42.794152 9.743356 141.034584 44.511534 -65.352759
6.583227 12.983283 42.824980 18.268095 170.544229 42.112414 -129.583219
6.656420 12.905552 42.673073 8.555899 155.808302 45.557772 -112.092826
6.484395 13.072619 42.616288 17.681235 258.482808 38.748612 -155.678139
6.816760 12.924640 42.783786 16.327663 127.752784 85.443096 32.074347
6.777557 13.085668 42.781119 11.688551 141.496863 58.920089 -134.948310
6.380253 12.943672 42.919501 5.614948 176.550878 55.520203 -51.656942
6.224483 12.977657 42.871777 9.695439 168.047440 49.498385 -62.943915
6.821152 12.567439 42.650110 15.884805 80.086761 86.679132 -94.372736
5.854390 13.032409 42.834755 9.049845 109.573442 81.558987 40.884288
6.130079 12.925704 42.843948 9.803413 354.817703 39.320427 -116.852245
6.804320 13.060956 42.810997 11.347458 347.549926 25.007617 -62.259962
6.889412 13.535348 42.845200 7.490377 148.001448 29.726732 92.125366
6.666078 12.931726 43.036559 9.465967 152.353310 38.826694 -83.515763
6.854259 13.230849 43.078923 3.530827 136.634355 30.056564 106.849499
6.035210 13.086778 42.823681 19.860487 336.051445 45.293724 123.385537
6.667531 13.114395 42.794847 15.481368 56.994735 24.085775 116.389833
6.471903 13.325671 42.719079 15.985303 181.332367 46.858313 -58.826131
6.811591 12.979669 42.979378 11.171765 136.222664 46.383130 -106.113436
6.793795 12.926487 43.052676 6.528379 354.205704 41.857113 -1.688894
6.229676 13.164766 42.706773 11.946383 288.453505 68.735345 92.563212
6.464723 12.861291 42.803695 16.646391 51.836913 89.550042 151.822095
6.507790 13.166219 42.925833 22.495302 155.935333 24.296461 47.066345
6.137675 13.069264 42.743990 12.226830 164.977578 58.291589 -85.627416
6.544033 13.097373 42.533527 8.416716 139.496387 55.252461 -93.645270
6.353133 12.928589 42.766014 3.106800 260.932310 46.289876 89.381707
6.804408 12.751296 43.064682 16.019978 330.440132 35.742946 -75.958441
6.580141 13.117460 42.827178 21.626309 168.922910 24.789779 65.520719
6.526679 13.194877 42.701351 15.604214 327.736773 41.565225 -64.874839
6.777274 12.820519 42.819266 5.471158 148.314939 45.630914 -60.720426
6.474648 13.026752 42.801882 5.370749 278.519997 43.636203 -104.854038
6.735552 13.004651 42.759517 12.571964 27.525515 22.266023 153.054733
5.948608 13.162649 42.819523 8.414517 154.550178 53.551860 -69.138445
6.386606 13.116848 42.814283 9.434482 162.114616 31.835105 93.944451
7.051175 12.940907 42.563771 6.330348 153.540170 48.893137 -49.083225
6.430583 13.089794 42.755225 3.600285 135.813918 41.041586 -110.786057
6.814966 13.175607 43.072511 7.141557 133.568622 18.394611 108.726132
6.422160 13.055520 42.894405 11.662081 22.952706 68.683759 -150.664396
6.477118 13.086312 42.774143 10.249721 345.069659 47.311159 -79.421434
6.544216 12.731286 42.801232 10.982890 339.303218 69.810230 -100.611769
6.632479 13.289503 42.872251 9.879081 19.160097 49.212182 -144.941252
6.473329 12.927403 42.892011 13.472174 182.722329 16.797284 45.525390
6.343434 12.954641 42.979544 10.190451 153.809465 20.350264 126.378070
6.607096 13.269831 42.937267 6.399062 179.148532 27.116191 74.700320
6.654306 13.070461 42.703756 17.840657 150.147280 59.277035 -89.109256
6.643595 12.915582 42.938902 15.105891 178.919904 59.636310 -84.965520
6.780043 12.841462 42.909727 9.073119 138.518457 55.958525 -88.401751
6.320277 13.053666 42.835357 9.777257 326.775645 31.965940 -110.641084
6.497087 13.073146 42.708957 5.973876 65.084328 55.320338 99.623235
6.415286 13.140753 42.818441 3.904762 275.681693 47.997766 64.633687
7.084531 13.172215 43.005702 15.482560 166.121044 35.157708 47.089884
6.929518 13.332128 42.543654 13.652645 160.094962 51.769932 -113.815757
6.498265 13.090356 42.892253 10.001961 342.585406 57.675853 59.047723
5.770863 13.058382 42.902083 15.002971 166.216568 88.112601 -4.653478
6.974066 13.027477 42.953591 15.765890 165.030755 86.588339 -179.647644
6.658596 12.803824 42.907027 5.857692 269.206382 58.029634 77.579323
6.445313 13.255840 42.549583 7.434372 126.106383 56.545851 -108.683617
6.522766 13.285573 42.819472 9.158836 165.580100 37.264069 68.991712
6.418771 13.072373 42.840056 16.772088 178.667268 33.667459 68.460643
6.510232 13.114070 43.029726 14.136194 339.596058 49.917701 -66.979519
6.507774 12.901086 42.999146 14.800624 350.942893 46.617405 -50.953314
6.412078 13.053194 42.806701 11.971233 137.648991 47.302566 -49.972257
6.658440 13.102032 42.850508 8.934023 167.353915 48.772167 -53.017413
6.169099 13.220356 42.774375 4.008137 77.631929 89.938900 152.231862
6.607932 13.426345 42.777920 10.190067 144.688033 27.145845 46.694798
6.432317 13.145002 42.781068 13.052150 159.307925 59.833128 -104.471599
6.593070 13.011242 42.867366 10.502185 28.050927 56.748594 -120.503036
6.794419 13.282965 42.786825 14.504313 115.007379 80.993713 -125.076674
6.346683 13.157756 42.986843 8.934408 78.527033 39.624372 134.907857
6.211912 13.035279 42.857003 5.202830 143.539927 78.136118 -36.758065
6.528321 13.170507 42.911153 16.246352 298.305620 51.051474 96.444133
6.327602 13.033536 42.839790 13.436667 171.620006 45.909507 -110.135121
6.820946 12.792594 42.813259 9.626557 180.049678 65.007851 -39.753213
6.758556 12.992777 42.880712 14.039810 286.357473 48.737988 -46.349984
5.987521 13.009449 42.894752 7.494615 140.534230 59.262917 -47.856260
7.211881 13.268275 42.911729 15.068101 160.489315 22.630273 116.117028
5.781917 13.206899 42.830742 17.810348 136.385219 50.996030 -60.575253
6.495556 13.110295 42.816217 9.487091 165.364886 41.752997 -145.283127
5.822246 13.156127 42.869938 11.387932 310.175902 71.769339 124.556274
6.653037 13.378486 42.786318 8.190103 178.535283 55.540764 -61.528039
7.174724 12.813810 42.905986 21.234897 177.496627 49.179582 117.806450
6.759249 13.531611 42.569013 6.619487 354.088333 44.704917 63.890335
6.350648 12.979802 42.635419 3.252413 10.523365 49.801190 -131.166812
6.680806 12.921881 42.930108 6.755849 295.174369 53.642424 -76.473732
6.217915 13.015536 42.697003 16.295330 322.626714 22.563437 -119.179743
6.379406 13.198445 42.695457 8.540974 136.897991 57.474572 -69.834803
6.836570 12.801295 43.008382 9.357629 173.697037 85.673848 7.317097
6.444643 12.953748 42.483926 4.378200 342.802039 59.456435 18.438645
6.656541 13.118659 42.767921 17.019802 143.201869 27.567985 88.365278
6.307902 13.148598 42.767511 2.815154 139.361130 42.362284 -66.068403
6.303983 13.038880 42.769566 12.000059 197.850812 12.613143 112.789328
7.325715 13.715799 43.190414 8.206776 329.225724 55.978138 123.000213
6.676561 13.272656 42.799179 12.455928 178.438736 24.313499 123.363786
6.536549 12.882754 42.772704 14.344994 340.394676 54.658055 -83.626810
6.193494 13.133508 42.878854 7.332846 189.339746 43.121739 -68.454527
6.906902 12.970564 42.973315 10.310958 294.922820 56.060603 -124.714403
6.912146 13.205484 42.959968 20.506300 254.076002 37.601392 -104.245572
6.576521 13.278929 43.073346 11.154308 127.477472 27.564602 100.945196
6.476637 13.012799 42.799132 7.875757 353.321663 39.928169 -102.457595
6.876775 13.209645 43.170871 18.746060 187.553287 40.727765 -61.312097
6.964692 13.057568 43.137567 10.743617 139.378214 28.237904 119.140151
6.682475 13.044425 42.940887 5.134582 326.315195 22.351873 -130.839587
6.612874 13.267854 42.760714 14.366546 256.402001 69.284778 -112.898484
6.497814 13.135645 42.975048 5.543437 150.413015 41.471302 -70.262011
6.277344 13.088677 42.845634 7.378119 126.085617 33.688327 -80.480774
6.966131 13.163923 43.087125 12.138595 334.207997 68.336045 6.510393
5.871269 13.069512 42.794519 13.661796 150.564487 57.086641 -55.026108
6.742634 13.199364 42.666409 11.733132 90.050074 54.237497 -123.308132
6.535271 13.298262 42.837167 12.841070 162.885912 21.093984 82.464019
6.618896 12.833681 42.795967 10.317839 174.750565 59.418381 -85.875789
6.511664 13.007416 42.773883 6.112946 160.568368 57.278668 -90.599310
6.432731 13.285037 42.760376 13.937522 90.041967 51.610884 -120.512600
6.637304 13.223855 42.878450 12.602318 166.765489 48.112791 -60.549172
6.069004 12.980248 42.919954 9.957011 327.452273 31.624335 -46.366359
6.232046 13.088024 42.709983 13.053215 331.570518 27.477650 -85.920905
5.910663 13.173252 42.858985 10.898138 165.766275 51.327377 -131.196794
6.386635 13.109338 42.967572 5.592951 258.190015 56.937684 -89.994911
6.040517 13.131803 42.983965 11.026290 336.969890 58.724958 -134.734712
6.530282 13.035855 43.048204 19.368303 174.916577 50.704839 77.922446
6.723256 13.054908 43.048551 14.893330 177.849745 57.870319 -100.006766
6.898586 12.693283 43.005627 16.067394 163.848352 44.987102 53.063564
6.501210 13.251217 42.678333 5.448109 153.263999 39.957230 117.979704
6.608590 13.233161 42.513404 17.474574 8.391283 57.816631 103.645101
6.459458 12.961078 42.862016 12.594908 162.748489 52.763100 -84.736129
6.478740 13.237065 42.810875 18.673127 162.236658 61.465298 37.110367
6.844998 13.085830 42.617889 9.071376 119.494368 85.880127 33.508951
6.590758 12.875013 42.925083 9.353618 184.852447 36.520981 -36.392273
6.296327 13.101506 42.906845 19.378031 140.029076 54.956923 -93.195128
5.977002 13.295733 42.750419 18.988249 12.496937 27.556179 -9.251073
6.832818 12.838614 42.742784 13.549822 46.948930 43.718903 20.392652
6.339545 13.212995 42.872719 8.849646 165.738515 25.215632 89.999832
6.362530 13.102615 42.806052 8.201248 104.427673 40.188514 -58.772800
6.890033 12.695115 42.914850 11.102220 148.540500 53.865464 -87.454555
6.583555 13.426847 42.926854 9.957299 323.676975 40.554932 -125.859787
6.205463 12.992078 42.933918 14.625488 164.039480 50.883904 -120.966685
6.488759 13.120771 42.784400 11.540401 179.242996 27.570205 111.337836
6.803405 13.110242 42.692274 19.799947 154.363441 58.471453 -89.858590
6.571107 12.993596 42.688750 5.681187 6.609709 44.813019 16.535669
6.566564 13.120187 42.600724 8.935307 142.879527 40.437863 -65.322539
6.712053 13.201722 42.990695 6.274893 174.217774 21.853224 83.654611
6.218281 13.215663 42.713338 14.836930 171.637277 22.900324 78.951181
6.742742 13.178986 42.948236 9.592162 169.319628 22.222618 46.976984
6.395954 12.885549 42.792660 10.215558 39.757836 53.163981 -64.555893
6.544419 13.060168 42.789857 19.754135 169.330832 55.449721 -100.256079
6.441790 13.028003 42.716088 10.149664 345.307275 40.263837 -96.811926
6.787531 13.052277 43.036107 14.109759 165.979210 23.185204 41.849311
6.088790 13.138855 42.624920 6.102811 331.026087 41.871277 -98.727126
6.887180 13.045962 42.886486 5.239922 171.204068 53.889337 -105.034642
6.575872 13.125593 42.856563 15.003681 324.160735 72.306166 -95.248480
6.276428 13.162633 42.703460 9.168307 161.758250 35.378409 88.090598
6.216451 13.117739 42.787337 2.853935 147.450363 20.968930 74.401754
6.462859 12.934296 42.640906 11.806966 73.141570 67.046024 -82.686658
6.076367 13.001886 42.845356 8.548758 161.759767 47.717661 -127.701506
7.217779 13.205496 43.218873 15.062505 177.932013 48.898802 -95.569230
6.398328 13.349811 42.917954 6.038012 145.466103 28.616277 79.445345
6.377245 13.200075 42.841448 5.354713 138.490496 26.894558 63.648297
6.319461 13.168754 42.676221 6.493055 267.515166 19.099325 -36.991490
6.112079 13.137151 42.835749 7.253033 143.373529 21.651977 79.750819
6.339363 13.235225 42.896352 11.175813 178.608847 29.919091 115.834632
6.412823 12.998693 42.961760 12.407906 163.075028 51.341858 -119.701570
6.607630 13.091632 42.686024 12.715915 232.631006 50.283622 -79.797473
6.924182 12.732466 42.829300 10.281434 119.228778 13.118929 -104.444518
6.114235 13.120941 42.694825 13.506211 173.167218 22.027860 58.536927
7.005626 12.941871 42.639052 10.771028 333.048431 25.299699 -98.134396
6.514873 12.953935 42.710168 3.262450 326.337990 36.102498 -64.936640
6.238571 13.288794 42.880427 9.717198 268.410639 31.248762 163.191858
6.831826 13.151349 42.814909 14.344306 160.228051 49.804414 -102.778530
6.476709 13.276000 42.797383 7.807946 39.469849 76.770740 -141.939596
6.677233 12.889665 42.938028 5.274777 153.649348 43.883995 -64.041378
6.189388 13.145084 42.898339 9.308461 139.865220 34.043588 78.174701
6.717299 13.248097 42.977434 6.921959 105.902930 59.728168 56.757601
6.642936 13.063298 42.795280 9.213315 169.225431 54.402906 -61.157080
5.985470 13.138895 42.879379 17.999268 169.331878 48.397857 -72.663421
6.337501 12.975572 42.823341 11.719711 319.926362 60.710944 -75.126944
6.757856 13.219368 42.754763 16.319030 152.600835 26.486426 113.403317
6.929451 13.058774 42.864208 13.189782 351.998791 22.756612 -89.827585
6.546151 12.990783 42.837037 9.877647 30.223733 68.470142 37.733466
6.189909 13.086106 42.808422 10.072353 318.648315 38.985518 -87.720286
6.755522 13.259447 42.792871 12.569318 158.176107 36.671626 131.504990
6.105300 13.191243 42.823157 7.336228 175.095224 22.755157 108.172646
6.159428 13.101294 42.741787 4.641284 152.391713 46.067189 -63.803571
6.744831 12.974208 42.855586 7.516844 353.805609 23.121942 -121.922280
6.881112 12.850804 42.884294 10.078816 225.729939 32.422381 -137.421049
6.343782 13.088567 42.924011 13.918604 290.744081 51.617734 -82.570210
6.275537 12.929815 42.814725 14.778076 157.101734 59.219556 -110.042252
6.462844 13.126120 42.705105 10.625186 108.764806 83.903650 140.200892
6.568223 12.719353 42.836750 4.157619 350.468753 20.083960 -130.678572
6.546084 13.054182 42.743573 13.844763 328.635693 31.954849 -114.129707
6.161137 13.096843 42.842808 8.598454 148.639473 52.091839 -66.666233
6.499781 13.034436 42.880227 7.571635 154.851194 55.371065 -96.002276
6.324768 12.945237 42.910984 3.780006 162.481593 26.204930 131.056717
6.495320 13.009595 42.801769 12.833208 66.636760 47.710738 167.351183
6.635265 13.141863 42.872458 7.752342 133.622231 25.795068 52.655439
6.504949 13.200888 43.003458 11.780969 312.756050 62.232050 -81.876812
6.611622 12.874015 42.885410 7.461381 109.179695 30.376148 -90.128373
6.562511 13.292739 42.912389 19.211373 161.087444 27.352135 116.840931
7.317909 12.730713 43.060502 9.590633 279.718439 37.696221 148.321803
5.919497 13.167884 42.731604 5.187695 354.220414 63.381374 -115.785235
6.183385 12.979744 42.878166 8.399149 146.680324 57.690954 -8.127133
6.469449 13.488184 42.845058 14.376425 45.337300 35.894727 -47.392922
6.525520 13.102054 42.611300 13.894906 95.273369 76.483254 -156.424786
6.285435 13.032827 42.955838 8.822833 165.910115 49.670508 -55.115753
6.610243 12.815875 42.942479 8.011210 344.991913 69.576130 -90.235242
6.172480 13.321378 42.657389 5.638835 278.022482 28.491568 -78.589216
6.235964 13.093710 42.725898 13.684670 332.566551 32.772455 -101.528849
6.621955 13.470958 42.928841 14.363676 34.662925 86.040482 167.820286
6.401413 13.356304 42.980352 10.901853 163.922667 21.894716 126.680446
6.673185 13.362612 42.745455 12.662638 135.960140 44.779233 -95.361126
6.319265 13.136037 42.804351 5.944778 8.413388 87.575229 9.618238
6.582968 12.960395 42.751655 13.201376 140.990584 40.370749 -54.316406
6.691776 13.108487 42.843581 16.559087 128.515409 44.754489 -130.155780
6.202364 13.357857 42.809395 7.325049 168.805427 23.045482 66.293853
6.089140 13.174227 42.926602 12.777604 168.379436 29.428162 53.748348
6.840327 12.983703 42.849089 6.027523 78.233481 88.134644 -165.293523
6.220975 12.888963 42.874188 13.484058 146.235675 51.874724 -65.999198
7.019901 13.076069 42.361828 14.054003 85.783692 29.244602 40.781110
6.688928 13.250861 43.017247 8.930765 142.460228 37.837519 79.272766
6.731383 12.849884 42.962043 12.805996 149.916595 87.591811 -114.686355
6.636303 13.212189 42.867105 8.924467 152.595608 22.060826 74.990211
6.460974 13.089736 42.696832 12.015373 320.321779 30.411009 -127.448021
6.482621 12.952291 42.857723 14.857350 178.033752 21.355174 29.436355
6.510238 13.092862 42.740874 5.721886 120.062338 81.922759 -145.109812
6.854248 12.926249 43.028286 17.726540 260.911498 70.439539 -149.846384
6.350730 13.088586 42.847457 17.701177 350.902307 36.965647 -53.516650
6.457399 12.806354 42.717625 9.829650 8.961899 81.360943 156.436786
6.820152 13.071115 43.099420 9.703519 167.248692 32.664256 81.938419
6.053190 13.129505 42.875274 13.271157 176.744485 38.790570 91.553379
6.306140 13.066861 42.725954 8.506724 149.163411 51.431659 -69.271633
6.110284 13.214469 42.825114 14.274849 323.665696 43.819355 -106.335589
6.596490 12.916707 42.613832 11.400140 345.700871 32.234301 -53.301214
6.511654 13.366566 42.779439 6.116379 309.729151 74.554194 -161.880031
7.254967 12.067275 42.912358 13.043041 2.385014 84.942117 -138.298564
6.676099 13.120678 42.949134 11.535045 154.011288 26.364401 -51.664973
6.196478 13.153130 42.906651 9.158742 153.425261 30.935887 58.913745
6.070940 13.198479 42.671536 10.916429 166.033677 21.091685 82.312272
6.359020 13.127799 42.978862 4.120143 308.458254 12.874450 85.863062
6.837200 13.301511 42.509410 16.352148 64.677047 72.589248 -155.004176
7.144974 13.111513 42.852087 16.564864 350.185872 70.916361 -75.603233
6.141109 13.110297 42.910200 7.324613 190.378311 14.361513 105.496611
6.138164 13.175490 42.779674 9.024091 7.926358 48.043412 -129.386411
6.341715 13.299708 42.851035 2.930100 254.164148 38.156845 61.616308
6.588071 13.094130 42.857712 16.857645 346.308168 32.151528 -102.852709
6.201145 13.010206 42.763069 18.196968 162.071956 55.611781 -128.115009
5.995108 12.964770 42.829681 16.257557 265.799710 43.601946 -48.046149
6.877830 13.707169 42.832091 20.236994 341.912149 65.453065 -160.734232
6.555275 13.146293 42.599817 9.870461 54.829313 76.340380 166.729373
6.492257 12.960301 42.963561 10.735057 214.066219 31.015885 -98.060473
6.644798 12.673284 43.002942 12.358095 303.738204 47.872664 -49.285376
6.246081 12.904112 42.784113 4.678966 153.668041 54.756860 -57.896146
5.845900 13.057987 42.790760 11.312432 136.451603 45.136930 -70.203381
6.833932 12.591999 42.990272 4.062746 348.414109 38.350782 -77.626182
7.098749 12.617491 43.027798 14.948820 354.069003 57.384479 -91.145723
6.666884 12.869250 42.926455 14.559857 36.090388 17.074593 61.734396
6.409522 13.077077 42.854898 6.884224 140.332760 55.993530 -83.928194
6.255521 13.288254 42.859561 3.117932 171.588527 56.624638 -55.081479
6.170477 12.989540 42.787456 10.387149 279.312645 72.742075 -56.109566
6.352998 12.992040 42.932256 9.116196 193.263970 76.809230 22.187031
6.264648 13.052705 42.837923 5.853718 141.258512 43.124404 107.033500
6.385380 13.280468 42.816810 13.007740 147.265518 35.671345 76.558691
7.098771 12.713940 42.937175 11.364512 133.173933 40.155994 -48.537376
5.975451 13.085816 42.952980 13.642139 209.656429 79.844792 -155.630482
6.809034 13.244590 43.264916 9.879249 1.505194 63.220017 22.995841
6.025875 13.024924 42.849223 8.291850 315.919161 28.505574 -78.641939
6.389301 13.068316 42.852828 15.817101 357.866069 21.425309 -108.018218
6.163851 12.903614 42.794716 5.677923 179.689130 48.939366 -63.706750
6.308877 13.138976 42.912783 9.660877 286.288936 41.254461 -45.244183
6.580286 12.904994 42.936448 9.474541 36.404335 72.882070 -92.439636
6.731192 13.287943 42.942244 12.602594 167.526741 36.200066 109.921047
5.782606 13.044091 42.795816 19.874466 332.040623 71.894049 -111.383500
6.565030 13.104061 42.745766 10.598579 342.148462 34.455858 -89.756235
6.277312 12.960796 42.870086 6.594613 285.591810 21.542999 -119.680468
6.519158 13.316134 42.730558 5.416119 138.498590 23.894723 111.002249
6.774708 13.036060 42.493748 7.429348 88.157561 80.814743 175.422540
6.021570 13.121489 42.815128 5.173570 170.380246 44.904539 -14.223990
6.734971 13.173061 42.778781 13.497784 323.249154 33.208607 79.709162
6.388648 13.313160 43.077137 16.146556 19.269702 55.412332 41.190837
6.353524 13.021933 42.744171 6.837620 113.689172 59.119843 -59.206827
5.961239 13.160332 42.919077 10.099321 202.839813 36.997097 -27.187089
6.531813 13.065251 42.821118 6.027140 149.208136 55.868157 -98.367439
6.596318 13.210332 42.596637 4.315650 170.223973 59.723650 -87.730588
6.748540 13.077323 42.843650 14.298982 116.237295 31.034776 -177.798665
6.356254 13.105703 42.905702 9.463325 171.290312 56.061387 -112.099219
7.390635 13.253571 43.093783 19.695599 294.194284 69.688545 80.241879
6.720314 13.173196 42.811635 4.732429 111.892393 59.520872 -55.421219
6.459147 13.130610 42.737303 6.071114 176.813967 38.603602 111.746597
6.748845 13.122678 42.951675 9.770569 154.580016 41.585012 -78.399279
6.489276 13.084816 42.770976 4.932969 140.712137 52.578481 -78.356461
6.751406 12.974770 42.592004 13.463805 152.219497 52.859934 -108.053112
6.634122 13.008283 42.782399 9.535394 96.454778 80.950367 -155.580380
6.080108 13.115343 42.778893 13.100169 168.001573 41.139790 -111.556388
7.303098 13.123366 42.483920 9.448857 121.606422 80.363202 -141.082196
6.395154 12.965512 42.848477 11.775658 333.007556 40.287532 -71.238230
6.779874 12.871547 42.933605 15.828583 144.325773 10.129416 14.707976
6.581114 13.037660 42.998592 4.459638 211.244818 47.571579 178.615018
6.844753 13.395803 42.895338 20.030630 1.091765 79.750965 -20.302493
5.989445 13.067410 42.856904 12.055138 334.881686 48.795532 -177.535209
6.950261 13.323395 42.723586 15.690470 144.821854 31.470285 124.226354
6.273480 13.021110 42.832554 6.772069 304.739412 22.034770 134.384037
6.727742 13.148975 42.813107 5.692487 104.944637 55.482803 -134.595744
6.753010 13.413654 42.892183 3.746799 24.963629 37.647586 -119.528549
6.397683 13.134409 42.756716 9.804819 152.575540 50.091337 -71.949788
6.556943 12.918900 42.673369 3.942873 174.049355 49.774600 -52.582024
6.434288 13.025146 43.020572 6.865820 144.872967 24.693201 126.691823
6.719658 13.065871 43.010249 13.565794 179.528145 27.121854 118.577252
6.396279 13.385268 42.799889 10.498379 176.398013 33.403511 130.052877
6.403381 12.870102 42.981495 7.361229 169.642501 37.141492 73.991922
6.585002 13.282160 42.855933 11.344453 172.950223 55.087765 -115.457362
6.324054 13.333379 42.870290 10.761911 169.827372 24.487738 122.370681
6.520252 13.382382 42.746461 10.640776 55.325367 71.738665 -102.509184
6.655454 13.262554 42.610855 13.971363 167.801187 23.481780 -123.460009
6.664114 13.206087 42.528063 9.847172 345.576723 50.902580 -105.950743
6.358386 13.143039 42.842578 7.690903 63.566313 59.414330 133.733686
6.496373 12.936317 42.854883 14.576269 159.327332 57.436951 -87.350147
6.924357 13.289523 42.801738 10.890726 137.735672 43.054257 -97.940578
7.023448 13.182609 43.089927 17.181239 102.580533 40.410598 114.022881
7.214670 12.405164 42.815548 5.274978 98.949019 33.965886 -133.396025
6.682223 12.955428 42.576417 9.496647 349.292215 26.337485 -116.746827
7.015642 13.364222 42.678136 7.745803 60.016078 60.665099 -26.625712
6.674868 13.130400 43.120255 11.052369 177.827415 20.641254 89.942038
6.755847 13.297984 42.823903 5.528571 127.601248 82.857369 -33.041296
6.415846 13.238870 42.931786 8.723774 7.015959 60.635757 -45.567684
6.764967 12.874777 42.886416 15.697429 115.360056 32.490280 106.551221
6.664314 13.310334 42.844945 9.778760 53.782090 70.110320 152.311515
6.767109 12.829047 42.821515 6.368764 172.341813 50.370266 -54.308555
7.096389 12.609169 42.831970 17.924213 283.539006 35.924956 -117.697271
6.463827 13.316012 42.882912 7.155450 147.959221 23.614457 101.454192
6.259371 12.830797 42.808568 8.726492 340.318768 31.300751 -112.368454
6.892604 13.170242 42.730558 11.868220 273.404582 51.280898 106.129060
6.159070 13.126786 42.876813 11.445427 324.735455 49.653205 -133.037030
6.391051 13.134403 42.690401 11.789753 154.370538 68.310990 105.068707
6.415233 13.091864 42.655387 7.455612 337.007111 32.962199 120.135887
6.366800 13.095378 42.978434 7.363159 184.791713 32.921870 60.840082
6.124772 13.085832 42.810391 4.168332 348.681591 49.799886 -69.270527
6.206973 12.965655 42.911883 14.068833 141.766899 46.492443 -95.271460
6.074741 13.217988 42.784514 11.197075 151.750717 44.483073 -130.608169
6.842603 13.179097 42.969454 10.833437 164.233499 22.445116 104.689825
6.929791 13.269915 43.087529 14.660250 177.963159 30.435270 122.682953
6.553891 13.032995 42.678780 3.942853 170.275086 55.386692 -51.128025
6.265758 13.014559 42.735531 12.802596 323.982627 34.351012 -53.796852
6.439834 13.111773 42.907023 13.397521 138.040318 52.251330 -115.494829
7.212116 12.423137 43.109784 12.197946 131.562166 55.398017 56.278106
6.326678 13.117501 42.900369 7.209067 165.266670 41.063720 -65.998162
6.353235 13.088693 42.711746 5.009442 338.379840 59.736113 -83.573084
6.417227 12.776008 42.784518 15.841024 216.470018 28.696701 -47.033875
6.382896 13.192332 42.796024 2.642991 151.376685 34.018212 76.576408
6.272960 13.001907 42.912190 16.027366 172.819986 47.043174 -77.522316
6.230140 13.232353 42.885060 18.194477 151.574913 79.849368 -68.159019
6.655195 13.463424 42.964445 13.869644 161.558148 49.487391 67.793643
6.103475 13.034000 42.921816 8.711235 343.762650 70.313755 136.636504
6.233219 13.247477 42.882168 13.308068 0.652478 62.291041 47.750898
6.639321 13.249015 43.114227 12.639833 156.569939 34.653159 133.387609
6.652846 13.503849 42.926042 4.273953 163.868511 54.786768 106.123265
6.277821 13.129625 42.801627 13.887211 143.239338 40.161807 -80.790882
6.781823 12.869099 42.732827 8.999848 298.850232 23.300207 -49.684906
6.558125 13.064060 42.724493 7.849195 96.678969 23.195832 79.614496
6.537321 12.820767 42.535870 17.086024 356.396151 79.595684 -66.771627
6.895429 13.020229 42.629543 19.398066 276.481205 21.704051 -65.750134
5.805319 13.212844 42.828872 14.201693 169.696270 56.873718 -124.219125
6.776913 12.883162 43.076817 12.078042 203.728565 49.599178 -58.780468
6.507672 13.069415 42.834965 10.420487 105.152693 42.791464 -60.747608
6.284007 12.888351 42.949005 3.476873 76.174574 69.112833 37.717312
6.374011 13.153042 43.047497 7.835915 176.403263 36.314707 76.307527
6.449684 13.144446 42.816468 11.168760 260.448796 62.567450 -44.842627
6.641549 13.075563 43.042752 10.699318 142.385556 45.727297 -112.658743
6.829882 13.496115 43.167214 9.275891 135.322907 36.606352 -118.060441
6.672571 13.244775 42.767778 10.039444 155.995525 82.200880 27.430239
6.104608 13.150526 42.983669 8.116439 158.675335 27.805264 72.885613
5.895503 13.162180 42.921539 5.654818 251.441556 22.957902 -131.306544
6.431068 12.972533 42.882429 12.314295 353.130120 33.159481 -113.625711
7.058372 12.941235 42.883060 8.582462 97.965011 86.733860 -111.975603
6.318830 13.196297 43.083592 15.107095 288.263189 57.193662 -57.189050
6.834916 13.195934 43.109517 19.523902 232.645021 72.196931 -5.641607
5.810494 13.209009 42.806940 7.955036 245.015806 56.329964 106.356699
6.318235 12.980663 42.948060 17.909220 135.619336 53.944546 -70.075879
6.797146 13.253001 42.800538 17.103208 36.271474 42.209882 -118.053320
6.122337 12.970605 42.815581 11.089224 201.680612 51.754519 79.497390
6.530028 13.258950 42.829815 6.523227 340.134522 44.170881 -121.579963
6.232554 13.093837 42.769555 9.955837 160.381030 57.691657 -105.973903
6.179931 13.001596 42.834315 6.195939 146.503673 50.498352 -48.698493
5.968887 13.068446 42.858951 6.399117 162.388788 43.766791 116.034044
6.193766 13.207889 42.825310 7.385326 195.911723 38.813257 105.564348
6.527641 13.103241 42.821820 17.354001 322.731097 31.670153 -118.416162
6.378110 13.151353 42.850879 3.186588 358.132096 43.729277 -89.808054
6.235581 13.210550 42.704790 15.891788 335.416794 51.621239 -61.802887
6.630207 13.504507 42.736050 9.030526 174.330454 36.766386 48.039931
6.634195 13.137792 42.611912 12.539231 160.297658 50.606266 -124.173775
6.060009 13.137965 42.904089 4.897081 351.083345 78.165971 -55.195470
6.488347 12.957771 42.940824 13.802141 95.322133 47.561151 119.629931
6.733228 13.114923 43.033658 11.942809 152.920546 51.083620 -107.039630
6.408616 13.173424 42.832104 14.992848 300.205322 54.816703 -91.364971
6.855301 13.145453 42.575096 13.732539 50.940661 51.603835 116.202633
6.452703 13.081407 42.872693 4.432114 161.450727 46.261539 -110.449414
6.440192 12.968614 42.810604 17.269270 51.350548 50.145090 68.591130
6.287144 13.092283 42.923124 7.028675 168.165385 42.873519 -81.264650
6.288676 12.934185 42.793281 5.289704 149.353112 49.590370 -75.527839
6.375747 13.097121 42.670948 17.705541 227.139678 44.551503 78.491908
6.475853 13.263726 42.773151 9.580149 161.554911 43.750194 -92.068731
6.664236 12.916128 43.142833 7.006692 136.735344 33.150664 79.299439
6.562054 13.056564 42.701656 16.100682 117.374561 40.636043 -169.537015
5.793906 13.122126 42.880666 20.562888 167.383594 32.619409 121.945095
6.707498 13.257435 42.976081 6.073816 161.219640 29.598530 85.254438
6.314042 13.065194 42.697758 6.400859 322.907899 41.940435 -91.079975
6.338649 13.342359 42.701051 14.838901 289.494307 47.563739 123.148209
6.741445 13.090567 42.779216 13.366167 157.310690 46.185179 -61.297806
6.626072 13.144073 43.055824 21.036459 137.210727 50.427926 -81.491004
6.156066 13.027284 42.846884 3.547081 318.168647 23.870022 -124.747740
6.621912 12.877590 42.670552 5.766892 137.061671 42.225916 -115.297476
6.394141 13.106801 42.711512 14.025561 141.659654 40.690017 36.414630
6.729958 13.186065 42.975462 15.403102 152.555785 27.905323 128.091369
6.866795 12.880991 42.696095 7.034604 151.548952 70.711301 -73.163312
6.653875 13.010390 43.007905 24.122808 157.155826 52.266692 -56.502021
6.178983 13.093256 42.798857 9.721054 315.617707 34.416136 -110.832947
6.982333 13.066519 42.680929 15.030891 182.181082 33.364617 51.920912
6.300985 12.969905 42.877071 10.130414 145.920914 56.391222 -81.798374
6.680686 13.183543 42.745352 24.785662 164.924517 23.694868 80.483273
6.550271 13.168870 42.825012 10.300431 96.420123 86.582171 4.973847
6.325673 13.127269 42.937018 12.585595 83.217685 86.352958 14.812951
6.505822 13.068536 42.910003 11.796720 342.593938 45.602244 -68.746596
6.639964 13.127286 42.862125 15.943226 144.494183 86.606701 -91.619893
6.442029 13.059517 42.666827 13.990926 141.989949 42.331186 -103.926435
6.373979 13.008735 42.906435 7.482811 174.616974 55.487332 -133.000659
6.418145 13.143797 42.791134 11.859659 149.170529 34.170081 -94.012767
6.879144 13.630341 43.071788 8.458289 99.296149 46.653829 127.827882
6.076781 13.034107 42.704979 3.795643 135.774387 19.122160 97.714541
6.016893 13.025595 42.705572 4.692671 162.542753 44.619670 -92.992197
6.136873 13.001020 42.855921 9.725780 351.895710 47.705114 -79.984077
5.983990 13.151645 42.800732 9.115598 73.931625 56.804505 -123.115198
6.927178 12.857843 42.641565 8.649158 320.512587 37.140421 -117.961949
6.723677 12.904154 42.938227 14.818745 347.344204 39.933229 34.958922
6.376932 13.088484 42.762591 8.066764 165.040630 47.306760 -61.037928
7.226590 13.007996 42.535303 27.410142 40.221126 80.261114 -18.062506
7.280279 13.491595 42.964644 8.427023 177.402383 46.081052 53.208786
6.311056 13.072612 42.756859 11.835287 316.481108 44.420368 -127.100868
6.429762 13.436070 42.895407 13.474546 153.680851 88.699687 164.517138
6.463462 13.274672 42.719450 11.401979 2.988254 47.109395 157.144265
6.329127 13.310060 42.939849 11.195258 308.653101 38.810675 67.400747
6.642650 13.121779 42.853752 10.102563 155.393712 22.406481 120.998852
6.631652 13.068316 42.689162 13.266174 171.692069 49.862237 -53.547194
6.254435 13.054775 42.720354 5.814487 342.706677 47.535006 -60.873491
6.586363 13.055784 42.767129 8.882472 177.922513 54.507094 -112.876789
6.639190 12.995815 42.611308 11.236257 73.447448 83.169219 -95.085459
6.664459 13.002584 42.886637 21.605001 175.400901 45.560422 -81.342308
6.099630 12.971877 42.774861 10.306109 316.794359 24.942177 -53.955981
6.611315 13.314632 42.849279 13.603565 71.990742 51.223434 53.630938
6.432191 13.050124 42.815233 11.514919 156.005787 48.548832 -91.054152
6.654741 13.198767 42.823809 6.947001 146.535525 28.432078 -80.464930
6.610707 13.213292 42.750667 11.911329 258.475611 75.588494 71.341002
6.036898 13.103050 42.900750 15.443938 148.170474 81.295481 41.614669
6.286060 13.226852 42.939030 9.594181 141.752061 28.757533 119.492363
6.236886 13.212807 42.640729 6.983340 104.360438 53.798106 -70.180229
6.533683 12.987285 42.806941 7.265131 102.919114 54.300209 -82.559188
6.724801 13.397372 42.483619 14.935725 129.086389 68.539922 -149.922731
6.295483 13.078373 42.813109 7.974866 155.804343 45.062212 -104.662612
6.315255 13.105615 42.784621 3.067267 164.893134 49.546777 -70.593229
6.468778 13.116436 42.894035 11.036705 93.207806 52.282974 -106.823406
6.571308 13.162211 43.025648 3.243500 146.285124 37.949450 118.157890
6.637552 13.131362 42.616669 10.740711 306.191979 53.822911 -73.403700
6.759672 13.158373 42.616229 3.240147 202.477177 23.480339 -44.241097
6.354881 13.177419 42.820913 11.411632 344.785948 36.704465 -85.094711
6.911428 13.309870 42.910494 6.406523 121.435741 82.028540 -138.844963
6.926889 13.097937 42.919097 15.873037 175.796780 24.435997 -48.413891
6.413926 13.165928 42.877408 13.124118 176.251335 33.655674 105.270291
6.301645 12.897063 42.773967 10.751760 58.422786 32.440936 67.525732
5.853059 13.040755 42.789928 14.851945 340.790565 22.242584 148.828873
6.320212 13.263269 42.759085 6.012772 143.764615 32.853553 -83.256381
6.374155 13.023648 42.863964 16.456336 44.317989 82.495628 -2.232571
6.619343 13.379490 42.655817 8.779729 163.632564 51.412961 138.322215
6.667725 12.955916 42.852462 6.466640 317.501203 29.915874 -70.753938
6.031595 12.998825 42.847094 8.261477 296.193000 77.567008 59.436321
6.395645 13.023169 42.771634 6.224149 315.571417 25.181964 -54.138201
6.330717 13.152022 43.054083 6.389022 141.984279 32.012181 112.557629
5.897017 13.177160 42.841366 8.336076 160.948162 41.026927 -58.375050
6.121467 12.996578 42.784784 4.766074 272.615119 48.952386 -97.721307
6.766603 13.263742 43.040412 8.399199 252.067765 36.818311 86.191440
6.336072 13.122089 42.793046 8.930675 7.808353 73.526317 -131.537089
6.550754 13.171998 42.790094 3.247721 81.262771 38.583505 13.625695
6.899372 13.268864 42.715274 15.929206 342.349378 20.665921 -46.542232
6.529091 13.207090 42.709637 13.241166 101.139122 78.664544 -166.963155
6.373126 13.163600 43.079219 7.359503 158.503473 25.947838 95.488013
6.188492 13.083956 42.775210 3.729747 316.535467 28.164246 -110.541161
6.969049 13.084080 42.667729 9.228442 356.958161 41.355541 -48.430939
7.331942 13.702543 42.876607 9.858116 111.398402 89.125588 14.372491
6.396747 13.001222 42.660004 13.154085 169.109317 12.440903 -59.789332
6.337449 12.876353 42.814440 3.517011 161.461689 41.244762 128.052605
6.313431 13.107685 42.747553 8.320001 170.692026 36.541073 100.107295
6.083702 13.066388 42.760990 13.220631 120.769765 85.606031 -25.392931
6.508821 13.076590 42.919932 10.401612 162.020446 30.811657 86.609216
6.080836 13.200124 42.964156 2.283406 144.082716 38.225960 127.405101
6.391236 12.948350 43.032178 10.516417 135.191846 78.369435 74.025352
6.397722 13.139978 42.789867 5.033391 155.574988 38.119753 106.103000
6.269086 13.049794 42.883428 7.820987 153.973140 31.922900 103.499469
6.810430 13.109750 42.978711 17.336361 312.102775 25.808350 -171.272436
6.802171 13.400379 42.747723 12.680373 222.625257 25.388266 121.102345
6.353295 13.234575 42.659762 8.029762 168.112865 57.152669 -113.077024
6.157766 13.027258 42.877660 3.661325 332.635690 37.371305 -73.571854
6.471253 13.181525 42.839834 4.146463 347.752194 44.751720 -46.478146
6.406909 13.051397 42.888903 12.134010 175.002915 38.943956 88.231224
6.452279 13.335732 42.872077 3.088077 222.975432 41.027879 113.419052
6.014371 13.042215 42.862344 9.693683 359.275958 64.994377 -98.745534
6.792620 12.966415 42.572473 8.488939 34.931687 59.957844 -121.706283
6.539682 12.990946 42.733747 10.936286 153.014922 58.159484 -126.860234
6.764556 13.090070 42.734814 4.977352 152.643298 52.936805 -95.256477
6.409550 13.014967 42.685543 16.527321 317.411875 33.645159 -98.749473
6.203548 13.056097 42.831176 15.604751 340.311707 23.465396 -103.311883
6.523323 13.243836 42.768871 14.311071 22.710116 87.859355 -152.087334
6.353014 13.092907 42.865552 3.556730 112.279458 56.686862 -54.271991
5.937539 13.042884 42.821839 14.704312 155.386703 44.086830 -108.103483
6.501648 13.022912 42.709648 16.116654 104.211224 35.394174 -93.924865
6.383260 13.182627 42.772469 10.471540 177.060907 32.628695 74.709314
6.892424 13.095692 42.886661 5.850195 200.290793 58.311771 68.259330
5.972566 12.900120 42.772938 10.713325 143.489591 52.214165 -66.058036
6.206913 13.216565 42.767132 7.318443 359.521395 42.949403 -116.309613
6.120170 13.164400 42.775041 12.593371 352.480943 73.136354 116.114457
6.637249 13.341225 42.653142 14.115059 136.120516 45.687029 -123.196728
6.426098 13.061521 42.875980 8.807650 311.182329 34.062283 136.555691
6.080501 13.105444 42.860390 6.627767 278.569990 32.127411 111.744603
6.727203 13.236812 42.652458 6.534347 138.675086 47.567179 -98.489289
6.438140 13.207957 43.006802 18.052166 287.195200 66.590510 97.011653
7.151460 13.729600 43.165538 7.942880 103.807555 74.729351 4.429476
6.350192 13.112124 42.754349 13.198577 86.865414 86.695208 -156.996445
6.430908 13.120989 42.900585 5.302829 334.234025 54.827229 89.290352
5.761368 12.914955 42.800376 11.051161 91.271780 87.303746 -139.912474
6.683313 12.904011 42.967108 16.389878 147.069951 52.954576 -132.534848
6.426546 12.940397 42.773931 12.596601 177.266222 78.813340 -128.283945
6.659665 13.150544 42.960861 10.156782 334.683897 44.620445 127.150881
6.657574 13.018243 42.868033 20.400874 235.224077 41.315412 -175.325025
6.910055 13.367839 42.704890 4.580992 172.658047 39.967993 64.541037
6.123294 13.104942 42.892682 8.061885 338.879785 57.062331 -75.100772
6.630201 12.995657 43.198913 15.637374 123.494388 82.125820 28.089301
6.790425 13.495920 42.762631 9.068961 86.696187 59.819835 86.007329
6.656394 13.315949 43.049027 4.996483 157.139762 31.189010 132.215894
6.858294 12.658452 43.201664 10.537538 115.855709 43.853802 -89.066811
6.754372 13.261519 42.645746 18.189543 152.433909 58.630669 -134.191455
6.738139 13.330124 42.758326 18.562769 196.218825 28.477735 4.952189
6.166630 12.887813 42.816587 15.899862 219.565610 12.723908 56.803487
6.286570 13.203994 42.712320 9.885340 336.020208 39.240201 -126.873685
6.547206 12.767178 42.833709 6.850797 175.090851 40.972460 -107.462720
6.575566 13.096380 42.536715 9.765830 99.341054 57.665983 -56.370533
6.730106 12.906591 42.788365 14.086431 326.464850 29.800279 -109.310300
6.635286 13.003671 42.789241 14.316779 178.177768 59.192670 -84.910970
6.766552 13.095882 42.578208 6.822193 160.844618 48.383553 -87.515209
5.835892 13.245481 42.821815 13.582284 175.099562 38.199182 107.096810
6.390443 13.202020 42.873931 18.406734 162.826602 35.789821 61.776352
6.460356 13.016339 42.737506 10.063117 159.373283 41.581870 -87.111734
6.155993 12.994177 42.863357 10.259850 167.090374 56.228070 -113.581020
6.613967 13.236243 42.857553 4.191185 355.790196 55.414436 -24.114741
6.304546 13.074802 42.677075 13.278645 171.738090 47.557114 -47.684198
6.856781 13.151386 42.543096 8.977535 160.053278 49.148655 -48.851755
6.433485 13.051735 42.919638 10.465194 89.445650 49.830146 -105.793139
6.469900 13.157425 42.687071 3.593092 178.834557 34.923067 132.798238
6.526140 13.002330 42.956779 10.378131 142.200978 46.448460 -70.611136
6.480219 12.932018 42.870577 14.146598 299.812391 27.602647 -132.891281
7.059878 12.931403 42.741086 10.200741 335.071057 23.620099 -125.600906
6.640019 13.376732 42.995032 13.678560 178.923373 33.418433 73.863261
6.195383 13.099024 42.708392 14.250967 154.184981 44.068904 -112.990017
6.602404 13.109048 42.686934 16.202666 162.597140 38.685460 72.605523
6.367933 13.123676 42.922505 10.514713 170.108033 59.009773 -59.378276
6.646862 13.076962 42.518502 22.387901 276.613148 30.374979 -49.481763
6.409960 13.285780 42.885066 8.371553 132.830587 25.207681 3.788889
6.682214 13.134201 42.815137 8.118979 161.103438 83.107482 -160.838427
5.902512 13.204365 42.779766 11.337665 174.940398 48.857919 -35.361876
6.686080 13.035726 42.824057 13.741177 4.602737 43.620608 -133.689182
6.568010 12.992238 42.807716 9.047677 152.356298 58.391065 -85.010266
6.698699 13.243694 42.850512 18.945674 174.029070 39.736569 99.276262
6.578771 12.984502 42.846418 16.148305 347.913541 34.639257 -49.767188
6.395178 13.186269 42.800887 13.011716 176.997724 29.159721 73.482884
6.395260 12.939041 42.867697 7.078811 350.889833 55.968913 -124.481699
6.868580 13.146796 43.263375 7.863524 268.003053 56.446990 -63.450247
6.662713 12.892283 42.814195 7.012381 136.503948 53.933012 -98.647936
6.347571 13.260223 42.687086 20.036148 315.064463 46.218220 -121.698373
6.890360 13.260697 42.612712 10.849697 116.110284 59.101188 -109.858703
6.479477 13.252646 42.741518 6.126342 65.595893 39.052328 -109.629524
7.118551 13.108189 42.783983 9.160166 28.897294 57.750590 86.974194
6.384654 13.119073 42.715750 4.497972 134.698818 81.451063 174.494172
6.341434 13.129351 42.865902 10.498674 110.421998 59.603970 -48.561460
5.971215 13.017279 42.820851 9.148971 137.357692 57.874444 -46.399838
6.428717 13.103804 42.837505 13.698853 329.894398 32.018781 -121.163396
6.352442 12.904252 42.833074 15.923397 297.727951 34.287318 -64.478219
6.016143 13.093805 42.867426 13.045766 173.417652 45.018814 -112.456536
6.888965 12.803428 42.781209 6.074541 202.188945 46.782273 -69.553492
6.579042 13.122363 43.131139 6.793913 188.927694 73.639772 -137.326502
6.530685 12.939067 42.815681 10.875280 62.204385 41.164973 -177.373082
6.186398 13.040661 42.779142 9.805116 354.390022 27.758223 -132.459788
5.936149 13.087913 42.849300 19.027210 73.475987 74.165711 -135.830505
6.531084 12.935258 42.799363 11.997026 322.842675 73.128965 128.842802
6.910177 13.078594 42.690396 11.005969 120.245376 50.508908 -124.176290
6.088380 13.119280 42.770187 8.206623 152.077732 27.718226 62.376438
6.582551 13.234234 42.749810 4.443127 158.530710 55.051580 -74.708471
5.961793 13.152542 42.907805 4.257613 297.504333 55.123761 102.596004
6.842146 12.704804 42.668887 5.276107 334.965994 38.315568 -89.354085
6.991031 13.439809 43.060620 8.813569 64.672266 44.185511 72.014257
6.910549 12.836854 43.306797 15.090616 33.864173 28.797940 73.850374
6.800846 12.786676 42.602272 8.942217 316.248121 31.434794 -56.709843
6.149285 13.229588 42.855769 16.431392 331.447677 32.568252 -105.109995
6.263907 13.077960 42.862568 7.240863 48.868151 63.471126 126.715936
6.108678 13.066992 42.749137 15.093364 52.959490 64.143708 -59.638065
6.710482 13.033473 43.043926 5.082110 166.082753 22.572530 133.416886
6.489424 12.990945 43.065137 2.919652 88.717735 21.631884 -6.264947
6.291971 13.146609 42.966606 10.147541 138.190021 25.606292 47.401608
6.525180 13.183697 42.843549 15.860217 152.027609 31.209575 130.907422
6.734912 13.076894 42.755490 5.021935 80.110047 64.519254 -136.802468
6.553090 12.950033 42.856901 11.894999 165.303976 45.166009 -63.009608
6.264602 13.279307 42.828469 8.931458 12.706194 26.843086 100.368555
6.511060 12.921089 42.746990 5.411660 152.489833 48.620907 -86.386603
6.331096 13.117862 42.833915 8.517205 92.630252 35.622435 110.907478
6.902706 13.251641 43.034378 14.873313 201.716638 54.020031 58.618665
6.005959 13.072345 42.727108 3.125867 19.219595 87.310475 -12.532337
6.778556 13.398693 42.758462 6.140217 27.598166 20.556430 -118.129441
6.342037 13.082944 42.755310 11.929454 326.927933 28.984238 -67.200088
6.650512 13.252614 42.914910 9.242880 170.331022 29.103179 120.345339
7.096621 13.092581 42.648998 6.525880 146.183056 55.823734 -117.691918
6.898674 12.649461 42.879678 11.359935 327.462276 21.037425 -107.439112
6.706943 12.956952 42.798236 5.977102 139.572467 58.514344 -46.473019
6.429428 13.187911 43.005121 18.336126 155.328421 29.919075 59.694832
6.251124 13.032222 42.985787 13.267265 143.557893 89.758694 21.357429
6.664537 12.942270 42.931946 11.596760 314.508267 50.583523 79.333111
6.359602 13.141966 42.913253 12.543811 164.965417 56.203050 -103.282351
6.339574 13.258027 42.881101 20.852758 18.976530 21.657292 -82.807421
6.557786 13.263259 42.727242 3.775152 143.625986 23.923421 73.930907
6.762767 12.521374 42.866616 4.445356 329.987070 49.251505 81.369106
6.689204 13.229262 42.667078 13.131622 146.027316 29.307605 97.520926
6.306003 13.228684 42.895129 13.131423 275.467535 76.822128 57.542596
6.769849 12.961384 42.568633 11.015504 350.435653 29.528891 -46.941379
6.552348 13.117104 42.904917 14.288648 166.723149 22.170721 81.472065
6.586115 13.151048 42.771503 6.407201 164.254252 25.451456 -48.479708
6.853064 12.706883 42.876659 6.101382 23.300551 87.998346 138.582194
7.290416 13.288618 42.211571 12.334926 109.700143 43.462021 -103.634122
6.215036 13.177077 42.839664 13.413115 156.646487 32.128541 91.144837
6.141159 13.053945 42.871638 4.543404 348.988948 25.389005 -86.586552
5.729995 13.018467 42.849095 6.120911 322.005810 24.010180 -107.268872
6.216493 13.034380 42.856288 4.266726 330.202317 24.237300 -124.254526
6.144933 13.162539 42.845574 12.406165 208.033567 28.882542 -21.759868
6.225489 13.074877 42.889264 9.877812 165.508198 37.816959 65.671168
6.775317 13.128270 42.562228 22.823833 48.200668 84.535751 169.148984
6.379628 13.068847 42.744591 6.620900 318.622788 32.188244 -98.304755
6.812536 12.996599 42.987628 13.258321 176.520398 69.712286 156.406924
6.217970 13.430090 42.765140 5.152105 167.669326 30.862635 99.168067
6.709312 13.164120 42.694487 4.446673 157.382056 53.704788 -131.134241
6.115218 13.228959 42.846197 3.033689 308.421377 62.792403 -141.303969
6.600200 13.172718 42.661596 9.626360 162.843503 87.486585 -87.366235
5.969888 13.093347 42.765306 9.138618 53.770186 89.607098 -35.664873
6.965896 12.617945 43.008375 5.471692 137.685490 51.097967 -120.466056
6.509206 12.976519 42.729217 12.361187 220.433308 46.644995 -117.756082
6.133095 13.111595 42.731818 13.129766 142.763331 40.735813 -73.317322
6.789824 13.061005 42.765062 9.311032 350.943580 34.254940 -99.747156
7.072153 13.820963 42.948873 25.949008 85.746020 50.644820 -125.534392
6.570370 13.189201 42.902145 7.135986 161.879349 37.453380 45.313578
6.321711 13.028737 42.820303 6.113494 162.708823 57.816025 -117.006994
6.314630 13.085958 42.843294 7.745087 178.048029 44.360760 -113.419856
6.333412 12.899325 42.785398 7.481893 330.102457 35.963771 -71.798268
6.859864 13.322193 42.885555 11.413437 148.090986 28.348204 113.211307
6.447467 13.359813 42.762992 21.573186 50.748626 86.237231 -156.198334
6.535060 12.881416 42.713063 3.193495 333.941385 38.820451 -60.485526
6.594678 13.277952 42.867783 11.369434 251.342286 59.821652 -80.613498
6.178750 13.109670 42.939304 18.638857 139.173281 31.354611 127.699285
6.089672 13.207848 42.788620 12.402657 141.505788 52.776705 -61.309401
6.728411 13.108913 42.912184 7.299839 169.710883 51.183644 -47.469706
6.185710 13.057844 42.852034 6.851768 173.122203 82.055559 135.113584
6.271465 13.075620 42.815747 8.954578 331.361617 27.438577 -124.221303
6.676812 13.141512 42.660690 10.834323 304.266403 72.748971 119.052301
6.236482 13.146017 42.825475 10.779954 188.498345 44.944982 -122.363198
6.062174 13.216940 42.920100 11.564654 317.549643 65.830615 -20.842169
6.448225 13.147345 42.971223 15.816511 123.008927 74.794038 149.500221
6.674215 13.087188 42.810963 17.889115 162.103531 46.342751 -131.250020
6.104149 12.979577 42.834548 20.676130 149.297316 40.130748 -116.949223
6.575414 13.315510 42.802162 11.290670 168.885504 32.244478 75.964961
6.496999 12.644515 42.909647 19.290151 351.357974 27.112141 -128.574925
6.594601 13.044438 42.635401 17.830026 50.193920 86.199104 33.960086
6.644081 13.001046 42.721496 9.509803 20.625525 38.377935 -130.723773
6.603190 12.774172 42.818195 4.051233 338.281945 28.853699 -129.368967
6.519834 13.107639 42.812264 7.931203 355.384364 22.985395 -103.439309
6.693826 12.979984 42.785411 22.513882 353.971954 54.786012 -51.854218
6.258353 13.081072 42.821377 7.443477 354.720541 40.481218 -75.601455
6.711453 13.306550 42.978561 7.162847 141.433190 34.674404 175.398204
6.277266 13.059466 42.932101 10.979001 178.290244 59.855611 -126.745856
6.520131 13.053375 42.751969 22.524092 222.493751 40.048140 -57.235458
6.371071 13.072745 42.892182 18.045700 328.584928 46.281216 -5.265650
6.732832 12.757671 42.636538 7.591955 152.560919 57.360642 -53.757568
6.359725 12.998747 42.977845 13.267674 308.978754 25.664421 -61.752439
6.186094 13.036420 42.876403 11.784231 165.089558 36.814194 -99.297794
6.263433 13.217514 42.660317 8.512045 351.750909 56.781977 -69.369732
7.039501 12.852326 43.195977 17.180561 158.289855 53.458425 -90.003036
6.145274 13.129937 42.932191 12.958551 160.294057 80.115483 32.240361
7.257428 13.169460 42.891051 15.221668 176.433267 29.866953 -95.431584
6.941288 12.883356 42.192579 16.318069 346.037587 36.935838 -133.808981
6.461821 13.097621 42.977032 9.193124 172.453880 52.530847 -80.093240
6.365182 13.078087 42.828532 11.410886 96.851859 48.755236 -114.195561
6.841513 13.683892 42.603871 5.994182 6.572317 82.518130 171.724742
6.628872 13.272320 42.911406 9.984650 139.316139 33.742282 108.566230
6.488494 12.943590 42.646884 4.843551 127.628880 11.166168 -66.549239
5.843875 13.142735 42.828358 15.554386 105.748541 47.695544 -81.580937
6.095904 13.103719 42.855597 4.421274 173.053299 47.383158 -84.953046
6.472353 13.035028 42.849047 8.136116 138.935058 59.686071 -65.676702
6.573784 12.760586 42.773828 15.258008 324.780220 31.847249 -58.617455
6.457663 13.274397 42.703723 7.442269 142.806678 10.844141 -122.288325
6.345462 13.177819 42.636954 11.780089 110.391827 52.969624 -64.081883
5.828283 12.972611 42.825858 7.088872 247.037842 29.549863 -68.361185
6.193733 13.003594 42.807343 4.873542 322.852823 26.311034 -67.678634
7.078938 12.950920 42.729717 12.861103 317.052050 33.343996 -129.265488
6.035024 13.021351 42.755790 6.285513 114.086675 87.077015 -147.821289
7.069594 13.611347 42.971301 16.860735 169.157564 54.531531 62.665155
6.887433 12.759607 43.023951 9.424543 321.101258 51.045048 57.315089
6.355997 13.088486 42.721859 4.456577 173.446114 54.060220 -113.583948
6.810469 13.094015 42.819782 14.278785 168.703478 43.926886 -72.023891
6.614758 13.051410 42.676431 14.721565 192.291402 77.447080 -112.121189
5.942600 13.135953 42.818976 9.290230 21.148139 83.085592 162.465361
6.217396 12.781602 42.853458 8.389807 164.591876 72.480747 -115.175417
5.619718 13.199323 42.905689 15.948413 151.742571 25.362320 67.080842
6.972441 13.027959 42.803206 25.119291 217.816143 42.793613 84.366916
6.474125 13.066822 42.555880 14.750344 185.034496 46.329210 -88.796013
6.077299 13.021240 42.805344 9.566660 38.285796 60.576748 -42.112890
7.006775 13.403606 42.897296 3.350853 153.432914 21.861324 56.696694
6.064658 13.105145 42.936944 13.484656 161.803770 46.540797 -133.853007
6.327138 13.000791 42.816950 18.563538 153.811577 46.280014 -81.130301
6.951572 13.600677 42.603831 4.927240 137.583061 36.512835 45.356744
6.569389 13.131784 42.741276 8.851602 12.946763 68.828150 -18.178364
6.834102 13.316619 42.902517 14.158938 165.699455 34.216663 97.572770
6.105533 12.803044 42.885222 5.390546 312.976881 54.018934 65.546045
6.733130 12.794837 42.721576 9.074969 321.514297 27.246033 -133.306315
6.841420 13.368905 42.781790 16.893684 136.547662 34.456365 105.809343
6.748831 13.002559 42.853451 10.593282 64.109095 52.920329 -103.541261
6.529833 13.117301 42.757575 2.585213 288.049439 27.114789 79.753713
6.442688 13.180423 42.777213 12.003697 60.922199 69.423703 167.238148
6.648975 13.308261 42.658434 9.863238 164.867406 77.588512 -48.171870
6.305451 13.108213 42.822213 6.364771 143.949605 54.453527 -100.458519
6.311578 13.057255 42.793901 14.334687 353.882722 41.918929 -131.931406
7.051300 12.480562 42.894694 18.115472 335.448734 27.470191 -70.653260
6.443537 13.010285 42.944493 4.899894 160.243677 43.501997 -78.174528
7.054632 12.831521 42.463466 3.460859 320.702733 22.747976 -133.390302
6.274342 13.115254 42.824920 10.654853 156.808227 58.441823 -68.882541
6.346619 13.109352 42.854313 11.828845 271.700176 45.835240 -58.503370
6.570557 13.032639 42.726336 13.726050 144.091838 88.219081 10.162234
6.664255 13.439294 42.745756 17.816365 319.392389 64.209555 138.066166
6.678301 12.995367 42.673172 4.910601 332.831219 71.388072 -83.131076
6.608975 13.093566 42.969512 8.960324 168.592487 53.146725 -51.314970
6.332722 12.956581 42.688784 16.732565 322.542703 21.567653 -94.544421
6.314731 13.154788 42.793205 7.035498 178.367554 27.760276 56.442219
6.175119 13.155130 42.806272 9.705025 195.240731 49.478909 151.668335
6.720841 12.921379 42.613226 15.300555 354.172828 32.561427 -90.197995
6.761318 13.479360 42.913551 4.761339 152.917688 55.939082 100.319840
6.570591 12.983785 42.997742 16.138590 157.465753 49.346857 -120.282901
6.715555 12.902890 42.767582 18.752010 290.105478 52.630337 -128.299230
6.850023 13.265685 42.781265 5.307850 172.113439 58.947847 -62.787878
6.762427 12.926953 42.914717 9.840156 274.834180 60.932384 172.227517
6.186650 13.116695 42.865802 4.979357 178.258869 22.575804 125.801844
6.640578 13.117879 42.622501 12.665728 152.434998 43.821803 -103.364816
6.395238 13.176703 42.926510 14.591754 44.552011 83.315641 -176.043364
6.884699 13.171670 42.948209 13.303383 135.401360 20.042279 60.367717
6.236019 13.052193 42.771806 6.528435 59.899781 83.452410 -154.627042
6.436376 13.091394 42.923477 15.967387 174.652663 81.316501 124.253701
6.522046 13.114844 42.872399 10.902054 144.875757 26.037412 95.656024
6.187940 13.177466 42.777506 8.163119 142.912939 57.468184 -52.905431
6.273033 13.285156 42.788846 10.220214 161.931350 31.155504 66.365407
6.636522 13.217797 42.943348 4.954951 89.452236 83.808347 139.792262
6.661382 12.843835 42.691067 19.553409 146.584346 41.230379 -106.305677
6.461116 13.034815 42.770950 10.685247 162.287091 54.178735 -110.934792
6.852085 13.466856 42.659407 16.627058 116.963360 46.631365 46.471532
6.768295 13.431818 42.869977 10.559066 161.544645 25.257141 74.216310
6.321042 13.192615 42.736792 7.946184 170.508674 21.858966 109.860460
6.485365 13.258149 42.682063 11.563575 88.035863 80.971986 43.875532
6.980197 13.379278 42.881080 9.784231 163.475118 82.224862 -146.582248
6.172019 13.091663 42.710804 14.332398 208.606858 46.972673 -102.030305
7.079847 13.504005 43.357579 16.877111 154.999625 51.370951 101.211819
6.507753 13.006906 42.549503 3.523718 294.465567 48.098358 114.043813
5.750662 13.011626 42.770704 7.206367 179.943584 43.305491 112.760317
6.400253 13.283515 42.876682 3.939481 85.140114 78.849619 -129.186731
6.453362 13.157689 42.921220 14.707092 165.714472 30.363901 109.618290
6.306787 13.156051 42.733954 8.699270 162.143095 26.113429 119.687296
6.967398 13.315094 42.691153 16.567530 148.012905 32.869117 129.664842
7.282344 13.141907 42.645287 4.170967 277.739658 22.541528 -97.852673
6.708202 13.069681 42.573568 20.399397 283.430027 62.319989 -120.872205
5.724525 13.132394 42.833533 9.757180 143.658887 26.721374 64.861669
7.310252 13.094666 42.684876 14.335194 174.810066 55.318022 -123.511742
6.520150 13.174633 42.774873 9.179983 159.444824 43.405538 -92.195414
6.862078 12.953203 43.177445 15.990016 157.267634 29.119530 82.521522
