6.719356 13.049814 42.790831 3.106359 162.172725 41.377414 -114.258010 342.259885 18.500267 1.310861
6.579356 12.993073 42.654774 10.432849 157.332882 71.745272 98.804920 247.945368 15.746281 1.115724
6.699356 13.112285 42.746853 1.000000 135.906226 24.978646 91.515537 326.855653 18.079150 1.281022
6.879356 13.108172 42.881860 6.359629 173.505766 57.222383 102.878842 494.716050 22.242213 1.576002
6.639356 13.049814 42.790831 6.860615 172.118859 60.018330 -92.554291 284.679373 16.872444 1.195520
6.899356 13.166699 42.972861 1.000000 148.572668 32.372119 -132.424205 518.031299 22.760301 1.612712
6.779356 13.049814 42.790831 8.991372 142.400342 5.344008 116.592244 392.966926 19.823393 1.404613
6.759356 13.284260 43.154778 1.490770 171.817193 32.400038 -79.644257 375.280501 19.372158 1.372640
6.939356 13.413019 42.931518 1.000000 16.284832 88.631910 -156.719210 568.010024 23.832961 1.688716
6.819356 13.173346 42.747843 8.661066 140.097041 27.350016 60.253398 430.879667 20.757641 1.470811
6.739356 12.984327 42.924770 1.000000 149.692570 8.255888 -61.564251 358.390096 18.931194 1.341395
6.579356 13.357737 42.705610 7.470630 122.311618 46.396015 -113.466284 247.945368 15.746281 1.115724
6.939356 13.293005 42.839741 4.753029 158.582474 46.277794 65.587115 568.010024 23.832961 1.688716
6.539356 12.915494 43.148652 2.854515 332.472816 66.391029 -70.220366 226.128863 15.037582 1.065508
6.459356 13.052635 42.700828 6.151214 146.900954 16.980716 134.484661 188.085796 13.714438 0.971755
6.959356 13.352968 42.885644 1.000000 139.149178 25.256362 56.494794 594.779512 24.388102 1.728052
6.559356 13.108172 42.881860 1.452496 28.927827 32.791702 75.708614 236.785988 15.387852 1.090327
6.879356 13.235687 42.703795 1.000000 159.451363 36.973232 -53.650040 494.716050 22.242213 1.576002
6.779356 13.113649 42.701850 13.565929 345.089150 32.125503 36.181050 392.966926 19.823393 1.404613
6.719356 13.054040 42.655826 3.985803 155.958944 83.873042 -129.454933 342.259885 18.500267 1.310861
6.719356 12.736134 43.010175 9.459168 208.505704 48.793607 -82.930383 342.259885 18.500267 1.310861
6.639356 13.348155 43.065672 5.034690 177.312261 3.904943 -90.095620 284.679373 16.872444 1.195520
6.839356 13.174666 42.702839 4.494196 150.984684 79.924499 -101.361932 451.186400 21.241149 1.505070
6.719356 13.478697 42.752308 4.459168 168.071268 14.741558 57.651727 342.259885 18.500267 1.310861
6.779356 13.052635 42.700828 1.000000 290.713876 40.053363 -84.717551 392.966926 19.823393 1.404613
6.879356 13.351769 42.930652 1.000000 166.406449 24.523016 -75.111066 494.716050 22.242213 1.576002
6.699356 13.046981 42.880832 3.684118 340.965679 77.423315 -86.137671 326.855653 18.079150 1.281022
6.519356 12.861873 42.922547 1.000000 52.784309 89.593433 -137.644463 215.951388 14.695285 1.041254
6.759356 13.294243 42.794734 4.175911 143.677126 47.041630 100.140180 375.280501 19.372158 1.372640
6.799356 12.864979 42.832557 1.000000 259.181182 21.531218 -121.426170 411.486887 20.285140 1.437331
6.939356 13.108172 42.881860 1.000000 316.529944 39.519764 -99.310255 568.010024 23.832961 1.688716
6.779356 12.869611 42.697569 5.122717 8.010725 52.571961 -71.497581 392.966926 19.823393 1.404613
6.499356 13.235687 42.703795 1.000000 163.756305 68.279154 43.972516 206.231975 14.360779 1.017552
6.519356 13.048400 42.835832 8.039929 165.811150 18.579142 -79.084984 215.951388 14.695285 1.041254
6.979356 13.542935 42.618063 4.931240 159.955984 81.424221 -85.654075 622.810606 24.956174 1.768303
6.639356 13.354164 42.840637 5.504180 144.845923 61.345960 91.196739 284.679373 16.872444 1.195520
6.919356 13.349362 43.020666 1.000000 152.478817 13.677810 61.600006 542.445362 23.290456 1.650277
6.539356 13.295478 42.749727 1.000000 133.300902 31.750867 -169.495333 226.128863 15.037582 1.065508
6.759356 13.102645 43.061864 4.150908 171.051471 18.158651 120.833890 375.280501 19.372158 1.372640
6.759356 13.297940 42.659711 9.150908 227.483443 48.069403 102.888678 375.280501 19.372158 1.372640
6.479356 13.164018 43.062865 6.038271 98.857672 42.393007 74.478783 196.950007 14.033888 0.994390
6.739356 13.105415 42.971863 5.745441 155.287079 77.308447 -103.042936 358.390096 18.931194 1.341395
6.479356 13.170696 42.837852 1.000000 108.987024 6.005690 -114.732976 196.950007 14.033888 0.994390
6.959356 13.231849 42.838813 3.081164 141.665150 38.365970 128.193523 594.779512 24.388102 1.728052
6.739356 13.115010 42.656846 3.839736 157.033160 45.408999 119.255428 358.390096 18.931194 1.341395
6.479356 12.871149 42.652572 1.000000 140.940403 10.211347 45.773036 196.950007 14.033888 0.994390
6.859356 13.413019 42.931518 4.293751 148.264470 78.622059 -133.705910 472.450160 21.735919 1.540128
6.799356 13.351769 42.930652 5.012043 217.759414 48.059849 54.296665 411.486887 20.285140 1.437331
6.679356 13.349362 43.020666 4.260521 250.406004 52.645636 171.557356 312.144725 17.667618 1.251863
6.579356 13.291765 42.884747 1.000000 136.493493 19.549288 -112.182714 247.945368 15.746281 1.115724
6.879356 13.164018 43.062865 3.136190 322.921000 3.729579 -68.013611 494.716050 22.242213 1.576002
6.819356 13.162673 43.107867 6.781620 250.727479 63.367547 87.709702 430.879667 20.757641 1.470811
6.699356 13.230564 42.883818 9.608055 179.709662 25.712059 68.768776 326.855653 18.079150 1.281022
6.659356 13.105415 42.971863 2.228281 174.083421 36.913489 -64.868025 298.095898 17.265454 1.223367
6.619356 13.102645 43.061864 5.424552 136.168310 61.581534 80.456341 271.866690 16.488380 1.168306
6.759356 13.533390 43.023173 9.150908 145.715248 23.857447 -63.024696 375.280501 19.372158 1.372640
6.779356 12.924609 42.878678 1.562823 121.218928 53.725973 -140.261619 392.966926 19.823393 1.404613
6.699356 13.046981 42.880832 9.608055 115.220915 54.710350 95.224909 326.855653 18.079150 1.281022
6.659356 12.861873 42.922547 6.647731 341.905296 20.435462 -62.071115 298.095898 17.265454 1.223367
6.639356 13.231849 42.838813 10.034690 175.483833 62.286713 131.412232 284.679373 16.872444 1.195520
6.719356 13.045560 42.925832 4.029556 149.503075 86.056560 -105.801058 342.259885 18.500267 1.310861
6.739356 13.233131 42.793807 9.306812 140.138892 17.751985 48.130715 358.390096 18.931194 1.341395
6.819356 12.921584 42.968671 5.448373 150.508573 53.423957 96.133782 430.879667 20.757641 1.470811
6.879356 12.915494 43.148652 1.878677 305.832884 84.599409 -143.222888 494.716050 22.242213 1.576002
6.719356 13.537657 42.843128 1.000000 133.205631 45.309226 -45.175869 342.259885 18.500267 1.310861
6.879356 13.358922 42.660601 3.799208 140.810534 70.738846 -112.504123 494.716050 22.242213 1.576002
6.599356 13.099863 43.151864 1.000000 349.643488 14.305360 -53.974263 259.630674 16.113059 1.141712
6.519356 13.166699 42.972861 10.804432 320.705719 14.402333 -108.500526 215.951388 14.695285 1.041254
6.759356 12.923098 42.923675 2.572822 96.663497 61.746785 52.914637 375.280501 19.372158 1.372640
6.559356 13.172023 42.792848 1.000000 342.710630 30.674937 -131.058646 236.785988 15.387852 1.090327
6.759356 13.290521 42.929753 1.000000 136.673182 36.246058 -77.946109 375.280501 19.372158 1.372640
6.579356 13.105415 42.971863 1.000000 94.914745 31.512699 -56.239065 247.945368 15.746281 1.115724
6.639356 13.101256 43.106864 8.928270 334.537483 28.535344 115.981669 284.679373 16.872444 1.195520
6.859356 13.229276 42.928822 2.434587 179.604524 36.394325 105.956284 472.450160 21.735919 1.540128
6.739356 13.225394 43.063834 1.506790 55.502803 77.836747 -176.001665 358.390096 18.931194 1.341395
6.579356 12.792599 43.146346 7.470630 174.843571 11.033242 -125.287335 247.945368 15.746281 1.115724
6.759356 13.054040 42.655826 1.738820 315.780656 83.528581 -102.578940 375.280501 19.372158 1.372640
6.879356 13.170696 42.837852 1.000000 140.886614 5.845957 102.543605 494.716050 22.242213 1.576002
6.819356 13.112285 42.746853 4.433649 143.779981 89.621921 -112.283812 430.879667 20.757641 1.470811
6.639356 13.227985 42.973827 4.788885 77.723315 54.682457 -73.012678 284.679373 16.872444 1.195520
6.719356 13.291765 42.884747 5.978864 351.234578 32.245502 -56.304164 342.259885 18.500267 1.310861
6.599356 12.917022 43.103657 2.934925 273.461724 69.369038 100.329404 259.630674 16.113059 1.141712
6.639356 13.106795 42.926862 8.928270 288.558399 7.033261 89.686559 284.679373 16.872444 1.195520
6.779356 13.168034 42.927858 1.000000 75.699517 51.455383 11.869246 392.966926 19.823393 1.404613
6.539356 13.165360 43.017863 5.625349 103.312716 69.226896 -100.338192 226.128863 15.037582 1.065508
6.719356 13.044135 42.970832 9.459168 135.061712 31.343973 117.649738 342.259885 18.500267 1.310861
6.579356 13.350567 42.975659 1.000000 138.765753 37.055462 -82.769120 247.945368 15.746281 1.115724
6.859356 13.348155 43.065672 1.000000 154.470500 62.386419 -135.644594 472.450160 21.735919 1.540128
6.499356 13.222791 43.153840 1.457793 194.817052 37.402782 120.384969 206.231975 14.360779 1.017552
6.739356 12.863428 42.877552 3.948745 126.981941 80.513347 -84.229990 358.390096 18.931194 1.341395
6.839356 12.924609 42.878678 3.490120 136.788903 17.840213 127.927808 451.186400 21.241149 1.505070
6.559356 13.041276 43.060830 1.614355 45.588745 55.336493 -75.634320 236.785988 15.387852 1.090327
6.519356 12.978430 43.104759 10.804432 168.127132 13.490237 89.298322 215.951388 14.695285 1.041254
6.799356 13.110917 42.791856 1.000000 61.654163 63.019185 0.336838 411.486887 20.285140 1.437331
6.539356 13.038403 43.150826 5.683412 165.934641 49.588452 122.992252 226.128863 15.037582 1.065508
6.659356 13.054040 42.655826 1.000000 153.724494 42.758748 159.094402 298.095898 17.265454 1.223367
6.639356 12.930616 42.698688 5.517927 90.202077 61.483938 50.811376 284.679373 16.872444 1.195520
6.619356 12.915494 43.148652 3.552793 333.222249 80.063064 -67.893750 271.866690 16.488380 1.168306
6.639356 13.112285 42.746853 10.034690 171.215079 62.061598 85.039544 284.679373 16.872444 1.195520
6.559356 12.935085 42.563691 5.559573 145.499926 33.148651 63.979359 236.785988 15.387852 1.090327
6.699356 13.349362 43.020666 6.206973 145.883789 20.423867 -73.678173 326.855653 18.079150 1.281022
6.619356 13.105415 42.971863 2.068653 162.567491 5.966317 -94.861479 271.866690 16.488380 1.168306
6.799356 13.346945 43.110678 2.521275 305.410992 39.546186 -94.926674 411.486887 20.285140 1.437331
6.659356 12.981385 43.014765 1.000000 339.424922 68.710012 -109.659922 298.095898 17.265454 1.223367
6.759356 12.927619 42.788684 1.000000 177.934875 53.096830 27.824341 375.280501 19.372158 1.372640
6.699356 13.162673 43.107867 4.608055 268.963518 33.791964 131.450465 326.855653 18.079150 1.281022
6.919356 13.297940 42.659711 1.192161 336.597758 51.051617 -120.030855 542.445362 23.290456 1.650277
6.819356 13.416475 42.796490 3.520828 135.828077 69.683321 -69.361714 430.879667 20.757641 1.470811
6.699356 13.475383 42.887340 1.000000 139.221699 25.128001 -92.215730 326.855653 18.079150 1.281022
6.859356 13.289275 42.974759 3.645563 329.683111 42.231626 9.520336 472.450160 21.735919 1.540128
6.699356 13.174666 42.702839 4.595919 162.841103 51.378396 95.314014 326.855653 18.079150 1.281022
6.559356 13.051226 42.745830 1.000000 139.550462 15.588948 66.350519 236.785988 15.387852 1.090327
6.659356 13.116368 42.611842 2.442394 162.333322 62.152121 66.966801 298.095898 17.265454 1.223367
6.639356 13.052635 42.700828 1.699621 243.210328 86.691657 139.404028 284.679373 16.872444 1.195520
6.439356 12.995961 42.564772 1.301249 152.486729 76.283433 -125.551723 179.620541 13.402259 0.949635
6.659356 13.166699 42.972861 4.527744 339.620930 32.319344 -67.586165 298.095898 17.265454 1.223367
6.679356 13.415326 42.841500 4.753554 161.453560 27.544025 69.350862 312.144725 17.667618 1.251863
6.559356 13.408375 43.111549 1.000000 176.373399 52.801253 -163.318525 236.785988 15.387852 1.090327
6.599356 13.350567 42.975659 5.303173 176.647885 39.989643 -46.934043 259.630674 16.113059 1.141712
6.719356 13.225394 43.063834 3.434899 1.457246 72.208567 -112.373200 342.259885 18.500267 1.310861
6.739356 12.869611 42.697569 2.844398 102.640975 64.665650 -115.765895 358.390096 18.931194 1.341395
6.919356 13.046981 42.880832 7.419102 335.102545 62.844681 85.298495 542.445362 23.290456 1.650277
6.719356 12.869611 42.697569 4.459168 145.994430 13.486410 106.836046 342.259885 18.500267 1.310861
6.759356 13.048400 42.835832 1.000000 156.491338 29.108134 -83.995637 375.280501 19.372158 1.372640
6.699356 12.933599 42.608690 4.608055 134.926058 20.625976 53.169486 326.855653 18.079150 1.281022
6.819356 13.289275 42.974759 1.043430 19.057280 50.264471 -109.405690 430.879667 20.757641 1.470811
6.739356 13.357737 42.705610 5.745441 172.791665 18.339782 -90.576659 358.390096 18.931194 1.341395
6.819356 13.169367 42.882855 1.000000 338.463093 51.014798 -105.919769 430.879667 20.757641 1.470811
6.559356 12.811769 42.606427 3.533851 16.424215 87.333032 -103.570031 236.785988 15.387852 1.090327
6.719356 12.985793 42.879772 1.000000 273.689694 17.412758 -98.442640 342.259885 18.500267 1.310861
6.899356 12.981385 43.014765 7.953018 151.671955 45.353507 123.645337 518.031299 22.760301 1.612712
6.719356 13.295478 42.749727 1.000000 143.118716 9.080743 62.705237 342.259885 18.500267 1.310861
6.719356 13.177298 42.612828 1.000000 112.133475 23.649446 -55.150096 342.259885 18.500267 1.310861
6.599356 13.295478 42.749727 10.303173 167.196898 64.547532 71.614470 259.630674 16.113059 1.141712
6.779356 13.110917 42.791856 3.991372 166.141852 16.101533 59.908279 392.966926 19.823393 1.404613
6.659356 13.294243 42.794734 1.000000 52.343851 52.620775 83.995841 298.095898 17.265454 1.223367
6.799356 13.164018 43.062865 1.000000 170.700520 38.211188 -95.744309 411.486887 20.285140 1.437331
6.439356 13.300390 42.569694 3.740329 129.601896 68.849045 -69.627844 179.620541 13.402259 0.949635
6.699356 13.234411 42.748801 4.608055 157.768743 51.176949 110.100862 326.855653 18.079150 1.281022
6.679356 12.993073 42.654774 4.753554 161.901726 32.855562 131.192955 312.144725 17.667618 1.251863
6.639356 13.102645 43.061864 1.000000 131.237249 41.118270 -83.235478 284.679373 16.872444 1.195520
6.679356 12.921584 42.968671 1.693904 329.412631 55.244108 -119.417010 312.144725 17.667618 1.251863
6.739356 13.408375 43.111549 13.675480 148.484099 1.145866 89.344102 358.390096 18.931194 1.341395
6.539356 12.803846 42.831400 5.683412 152.968724 0.133777 67.829165 226.128863 15.037582 1.065508
6.659356 13.231849 42.838813 1.332563 167.880144 75.224576 -61.620883 298.095898 17.265454 1.223367
6.739356 13.168034 42.927858 2.613625 6.396020 79.431845 22.837751 358.390096 18.931194 1.341395
6.679356 13.356549 42.750620 4.260521 337.866993 73.375572 -128.461039 312.144725 17.667618 1.251863
6.639356 13.166699 42.972861 6.860615 104.611147 60.707945 -126.065675 284.679373 16.872444 1.195520
6.679356 13.052635 42.700828 1.849784 146.472108 56.518693 -79.632456 312.144725 17.667618 1.251863
6.859356 13.173346 42.747843 4.226191 147.363542 52.177825 -52.930274 472.450160 21.735919 1.540128
6.539356 12.918546 43.058662 1.130503 157.156892 30.815367 130.822450 226.128863 15.037582 1.065508
6.599356 13.172023 42.792848 3.534696 22.850326 81.306118 -59.863599 259.630674 16.113059 1.141712
6.519356 13.294243 42.794734 1.000000 7.740288 34.332064 -126.375063 215.951388 14.695285 1.041254
6.739356 13.474273 42.932351 4.986961 171.447106 52.924070 129.358221 358.390096 18.931194 1.341395
6.659356 12.810192 42.651423 4.049446 176.220575 48.571339 100.974625 298.095898 17.265454 1.223367
6.479356 13.110917 42.791856 1.000000 164.012444 38.232281 -132.495259 196.950007 14.033888 0.994390
6.599356 12.979909 43.059763 2.271955 346.187758 28.242787 21.242176 259.630674 16.113059 1.141712
6.839356 13.170696 42.837852 2.528482 148.117612 36.996395 79.692171 451.186400 21.241149 1.505070
6.579356 13.109546 42.836858 2.470630 329.147688 36.513721 45.767458 247.945368 15.746281 1.115724
6.799356 13.229276 42.928822 4.244174 349.114664 82.847206 66.171527 411.486887 20.285140 1.437331
6.719356 13.104032 43.016864 3.981709 169.247389 83.707242 39.620553 342.259885 18.500267 1.310861
6.659356 13.293005 42.839741 6.647731 126.249918 81.707520 125.888496 298.095898 17.265454 1.223367
6.739356 12.988715 42.789774 1.000000 280.833351 57.891203 -77.072964 358.390096 18.931194 1.341395
6.639356 13.112285 42.746853 1.860615 201.910832 43.671848 18.842464 284.679373 16.872444 1.195520
6.779356 13.046981 42.880832 1.000000 143.535386 47.453889 -64.662812 392.966926 19.823393 1.404613
6.819356 12.802250 42.876394 5.498527 151.782333 53.753783 121.818292 430.879667 20.757641 1.470811
6.879356 13.226691 43.018830 8.136190 165.443992 59.878414 65.756437 494.716050 22.242213 1.576002
6.799356 13.173346 42.747843 3.828120 117.647331 37.439711 -113.464748 411.486887 20.285140 1.437331
6.859356 12.864979 42.832557 3.396990 150.873659 67.220369 -84.988972 472.450160 21.735919 1.540128
6.759356 13.354164 42.840637 2.276023 149.319205 36.381056 101.653557 375.280501 19.372158 1.372640
6.639356 13.414174 42.886509 1.000000 85.207422 72.789683 -154.830256 284.679373 16.872444 1.195520
6.739356 13.288025 43.019765 13.675480 118.058008 29.681120 118.870621 358.390096 18.931194 1.341395
6.539356 13.052635 42.700828 1.008083 261.553211 62.674466 47.265985 226.128863 15.037582 1.065508
6.739356 13.044135 42.970832 2.613625 62.674103 70.878671 18.695218 358.390096 18.931194 1.341395
6.539356 13.105415 42.971863 1.000000 92.421804 46.716140 -68.406115 226.128863 15.037582 1.065508
6.619356 13.162673 43.107867 5.585142 1.173356 63.286960 44.187418 271.866690 16.488380 1.168306
6.919356 13.289275 42.974759 3.384137 160.853277 11.609525 -104.671213 542.445362 23.290456 1.650277
6.899356 13.470927 43.067379 3.773077 136.195042 69.776257 -83.073772 518.031299 22.760301 1.612712
6.539356 12.927619 42.788684 1.000000 167.864654 37.092863 -61.069934 226.128863 15.037582 1.065508
6.419356 13.234411 42.748801 1.738891 152.232388 50.570525 18.389421 171.536285 13.097186 0.928019
6.439356 12.803846 42.831400 2.040723 94.786023 61.147171 32.054718 179.620541 13.402259 0.949635
6.739356 12.993073 42.654774 2.613625 125.227044 59.985582 40.756111 358.390096 18.931194 1.341395
6.759356 13.350567 42.975659 9.150908 165.225966 45.666709 -144.894902 375.280501 19.372158 1.372640
6.739356 13.101256 43.106864 4.306812 164.916247 23.730688 95.859995 358.390096 18.931194 1.341395
6.959356 13.416475 42.796490 2.377504 161.125814 14.326259 102.107313 594.779512 24.388102 1.728052
6.519356 13.286773 43.064770 1.279702 95.144999 75.152202 -112.106766 215.951388 14.695285 1.041254
6.439356 13.238231 42.613781 3.740329 35.096899 64.627089 82.116663 179.620541 13.402259 0.949635
6.799356 13.108172 42.881860 3.828120 175.173657 38.471583 80.613170 411.486887 20.285140 1.437331
6.919356 12.984327 42.924770 1.327100 276.148737 73.648851 -97.612279 542.445362 23.290456 1.650277
6.419356 13.113649 42.701850 3.905579 105.264973 24.510030 -67.809901 171.536285 13.097186 0.928019
6.519356 13.227985 42.973827 5.614738 161.823339 70.752482 92.137118 215.951388 14.695285 1.041254
6.699356 12.982858 42.969768 9.608055 135.536953 61.517081 127.509629 326.855653 18.079150 1.281022
6.799356 13.048400 42.835832 1.000000 179.230193 45.145036 -100.509597 411.486887 20.285140 1.437331
6.539356 13.172023 42.792848 2.854515 178.502719 37.106990 -100.483143 226.128863 15.037582 1.065508
6.499356 12.929119 42.743686 5.922698 164.588446 56.205061 116.957808 206.231975 14.360779 1.017552
6.679356 13.419907 42.661459 6.429889 92.080982 19.989794 -68.256508 312.144725 17.667618 1.251863
6.839356 13.104032 43.016864 1.000000 160.485867 18.332809 -90.863754 451.186400 21.241149 1.505070
6.659356 12.800651 42.921387 3.237414 182.599939 71.679134 -107.300167 298.095898 17.265454 1.223367
6.779356 13.044135 42.970832 5.144650 212.429232 52.719716 -111.496676 392.966926 19.823393 1.404613
6.559356 13.351769 42.930652 10.559573 137.873760 15.488244 92.737987 236.785988 15.387852 1.090327
6.739356 13.173346 42.747843 4.121241 142.048652 87.722302 -69.239210 358.390096 18.931194 1.341395
6.639356 13.541885 42.663077 4.069380 158.475683 54.685888 153.599362 284.679373 16.872444 1.195520
6.779356 13.233131 42.793807 5.262159 130.826797 70.562060 -46.339650 392.966926 19.823393 1.404613
6.879356 12.863428 42.877552 1.000000 172.983407 26.694478 91.264499 494.716050 22.242213 1.576002
6.659356 13.045560 42.925832 1.000000 1.188796 74.134401 -129.475796 298.095898 17.265454 1.223367
6.539356 13.293005 42.839741 1.000000 146.168096 18.125177 120.453178 226.128863 15.037582 1.065508
6.599356 13.225394 43.063834 14.021513 126.424147 17.808131 -72.568613 259.630674 16.113059 1.141712
6.519356 13.291765 42.884747 1.197558 135.382868 73.476827 -78.342441 215.951388 14.695285 1.041254
6.979356 13.042707 43.015831 5.228905 135.040121 47.701021 78.665188 622.810606 24.956174 1.768303
6.819356 13.227985 42.973827 3.661066 179.662407 6.599331 89.883502 430.879667 20.757641 1.470811
6.659356 12.921584 42.968671 9.895740 143.624629 61.765999 82.287289 298.095898 17.265454 1.223367
6.759356 12.988715 42.789774 1.000000 63.223685 63.715082 -140.324559 375.280501 19.372158 1.372640
6.579356 13.411862 42.976526 10.432849 146.370518 28.046024 45.962416 247.945368 15.746281 1.115724
6.779356 12.741076 42.875203 8.991372 161.311827 20.397027 107.414735 392.966926 19.823393 1.404613
6.919356 13.110917 42.791856 7.922465 141.603663 66.975422 95.792050 542.445362 23.290456 1.650277
6.939356 13.354164 42.840637 8.776474 157.917755 74.038101 117.355216 568.010024 23.832961 1.688716
6.899356 12.995961 42.564772 4.530650 178.947470 46.003091 101.852098 518.031299 22.760301 1.612712
6.839356 13.230564 42.883818 3.440076 319.862439 68.202519 -45.512747 451.186400 21.241149 1.505070
6.799356 12.869611 42.697569 5.388284 159.350582 53.700822 -132.824277 411.486887 20.285140 1.437331
6.799356 13.473160 42.977360 3.828120 172.391516 18.581487 106.293963 411.486887 20.285140 1.437331
6.699356 13.356549 42.750620 9.608055 135.377292 32.953274 47.638454 326.855653 18.079150 1.281022
6.699356 12.991624 42.699774 1.206973 148.933320 48.310548 -87.333968 326.855653 18.079150 1.281022
6.719356 13.474273 42.932351 1.000000 13.509352 74.973535 4.436071 342.259885 18.500267 1.310861
6.719356 12.927619 42.788684 1.000000 334.696150 52.837653 44.909153 342.259885 18.500267 1.310861
6.719356 13.173346 42.747843 3.707257 138.280175 52.689677 -96.859876 342.259885 18.500267 1.310861
6.839356 13.408375 43.111549 3.843551 173.914815 72.816821 -76.162630 451.186400 21.241149 1.505070
6.499356 13.229276 42.928822 8.221122 146.817457 67.278287 -52.426238 206.231975 14.360779 1.017552
6.559356 13.161325 43.152868 1.000000 167.207797 18.762376 97.080941 236.785988 15.387852 1.090327
6.919356 13.169367 42.882855 1.000000 246.621995 30.419215 145.420052 542.445362 23.290456 1.650277
6.679356 13.291765 42.884747 3.464500 154.578419 44.208554 67.853544 312.144725 17.667618 1.251863
6.839356 13.225394 43.063834 3.624332 174.421968 42.432820 101.371835 451.186400 21.241149 1.505070
6.619356 13.227985 42.973827 5.170477 84.398475 9.667041 -92.774188 271.866690 16.488380 1.168306
6.759356 12.924609 42.878678 1.818335 301.054226 88.070561 -112.842513 375.280501 19.372158 1.372640
6.679356 12.984327 42.924770 1.429889 353.544516 24.971847 -57.145565 312.144725 17.667618 1.251863
6.559356 12.979909 43.059763 1.000000 351.980242 7.856073 111.369255 236.785988 15.387852 1.090327
6.759356 13.041276 43.060830 1.000000 147.951262 27.265333 -51.971940 375.280501 19.372158 1.372640
6.759356 13.410702 43.021534 5.506582 93.080540 73.303345 -74.755394 375.280501 19.372158 1.372640
6.899356 13.231849 42.838813 7.953018 137.497893 39.097351 53.213914 518.031299 22.760301 1.612712
6.599356 13.048400 42.835832 1.000000 166.040802 48.722434 -96.663090 259.630674 16.113059 1.141712
6.419356 13.291765 42.884747 1.369445 161.211969 5.561632 119.331908 171.536285 13.097186 0.928019
6.539356 13.161325 43.152868 3.451890 159.396760 46.935770 90.723324 226.128863 15.037582 1.065508
6.819356 13.044135 42.970832 1.000000 162.997837 18.235396 75.547972 430.879667 20.757641 1.470811
6.699356 13.044135 42.970832 4.608055 151.308697 33.917080 115.905970 326.855653 18.079150 1.281022
6.579356 13.235687 42.703795 3.214290 276.691965 74.777935 57.731430 247.945368 15.746281 1.115724
6.559356 13.358922 42.660601 1.000000 11.458395 27.974604 3.296866 236.785988 15.387852 1.090327
6.699356 12.739433 42.920194 1.000000 125.190269 28.819743 -115.293884 326.855653 18.079150 1.281022
6.599356 13.230564 42.883818 4.021513 350.512224 7.602116 -72.610722 259.630674 16.113059 1.141712
6.819356 12.863428 42.877552 1.201269 269.641365 51.238320 -172.512350 430.879667 20.757641 1.470811
6.699356 12.924609 42.878678 3.560202 179.174711 75.085786 -100.405195 326.855653 18.079150 1.281022
6.579356 13.052635 42.700828 2.844713 139.765102 41.734386 117.643897 247.945368 15.746281 1.115724
6.719356 13.106795 42.926862 6.831172 175.759872 71.041040 130.994251 342.259885 18.500267 1.310861
6.779356 13.474273 42.932351 4.345623 309.863295 47.618998 -101.812398 392.966926 19.823393 1.404613
6.619356 13.352968 42.885644 10.170477 112.920578 63.871793 -88.928069 271.866690 16.488380 1.168306
6.799356 13.297940 42.659711 1.000000 167.179279 2.367002 58.823868 411.486887 20.285140 1.437331
6.959356 12.991624 42.699774 4.207430 177.565496 72.182585 12.288646 594.779512 24.388102 1.728052
6.879356 12.979909 43.059763 1.000000 157.169205 28.510589 -76.903729 494.716050 22.242213 1.576002
6.819356 12.984327 42.924770 1.000000 62.250524 41.026613 113.931732 430.879667 20.757641 1.470811
6.699356 13.106795 42.926862 6.206973 132.200008 7.702746 -121.259244 326.855653 18.079150 1.281022
6.779356 13.106795 42.926862 5.884951 352.207920 58.048408 -100.426762 392.966926 19.823393 1.404613
6.659356 13.285518 43.109774 1.000000 165.922248 20.821977 -49.957097 298.095898 17.265454 1.223367
6.839356 12.860314 42.967542 1.315269 166.086434 51.909258 -95.604336 451.186400 21.241149 1.505070
6.599356 13.165360 43.017863 1.000000 116.317953 81.915143 9.530413 259.630674 16.113059 1.141712
6.899356 12.926116 42.833681 7.812359 111.100061 67.411395 88.154892 518.031299 22.760301 1.612712
6.839356 13.290521 42.929753 8.490120 340.492504 5.178262 -66.314403 451.186400 21.241149 1.505070
6.719356 12.924609 42.878678 1.900462 329.542848 56.603170 -107.230848 342.259885 18.500267 1.310861
6.559356 13.295478 42.749727 3.348582 350.263809 79.079130 -112.509489 236.785988 15.387852 1.090327
6.839356 13.238231 42.613781 4.494196 146.061943 19.366913 -121.130896 451.186400 21.241149 1.505070
6.859356 13.357737 42.705610 8.315192 163.561659 11.136227 108.708803 472.450160 21.735919 1.540128
6.719356 13.414174 42.886509 4.459168 178.232968 9.479534 99.351927 342.259885 18.500267 1.310861
6.639356 13.164018 43.062865 1.000000 317.634021 48.730629 58.019728 284.679373 16.872444 1.195520
6.839356 13.169367 42.882855 4.706365 157.695008 48.311005 115.209317 451.186400 21.241149 1.505070
6.799356 13.233131 42.793807 9.070080 359.451494 47.414448 58.104872 411.486887 20.285140 1.437331
6.819356 13.226691 43.018830 4.104316 338.690340 77.833915 -77.325164 430.879667 20.757641 1.470811
6.639356 12.990171 42.744774 5.034690 169.981243 28.532538 47.976038 284.679373 16.872444 1.195520
6.619356 13.109546 42.836858 5.842021 171.075937 66.248606 81.296297 271.866690 16.488380 1.168306
6.559356 13.044135 42.970832 10.559573 143.389636 40.467674 111.644199 236.785988 15.387852 1.090327
6.599356 13.049814 42.790831 1.000000 89.609893 60.062243 -137.745176 259.630674 16.113059 1.141712
6.739356 13.109546 42.836858 1.000000 4.899710 48.203967 164.435077 358.390096 18.931194 1.341395
6.759356 13.355358 42.795628 8.856179 75.169635 48.345649 74.742715 375.280501 19.372158 1.372640
6.639356 13.051226 42.745830 1.000000 328.747685 36.184992 -87.394306 284.679373 16.872444 1.195520
6.979356 13.226691 43.018830 1.000000 151.883257 13.899322 125.989671 622.810606 24.956174 1.768303
6.939356 13.049814 42.790831 4.690987 170.236601 45.973452 96.669485 568.010024 23.832961 1.688716
6.879356 13.294243 42.794734 3.951944 154.038631 57.383047 -134.545987 494.716050 22.242213 1.576002
6.619356 12.979909 43.059763 10.170477 170.499002 33.429423 70.580711 271.866690 16.488380 1.168306
6.519356 12.918546 43.058662 5.804432 156.337289 33.276715 113.432511 215.951388 14.695285 1.041254
6.739356 13.230564 42.883818 4.306812 160.174470 3.645431 108.243119 358.390096 18.931194 1.341395
6.699356 13.109546 42.836858 1.000000 114.682999 20.971372 -55.853136 326.855653 18.079150 1.281022
6.739356 13.164018 43.062865 3.598305 173.715739 43.955602 116.516796 358.390096 18.931194 1.341395
6.719356 13.168034 42.927858 9.459168 159.796033 27.680048 60.687515 342.259885 18.500267 1.310861
6.419356 13.356549 42.750620 3.905579 73.092847 82.774856 -110.484718 171.536285 13.097186 0.928019
6.859356 13.352968 42.885644 1.000000 168.609446 38.106311 -108.465552 472.450160 21.735919 1.540128
6.839356 12.994519 42.609773 1.886042 121.327895 78.697618 40.468935 451.186400 21.241149 1.505070
6.419356 13.174666 42.702839 1.738891 152.325030 83.873383 -48.204525 171.536285 13.097186 0.928019
6.979356 13.166699 42.972861 7.176660 175.469702 5.768593 104.041313 622.810606 24.956174 1.768303
6.739356 12.926116 42.833681 5.745441 141.033749 74.730681 -131.162875 358.390096 18.931194 1.341395
6.859356 13.052635 42.700828 2.995622 3.684975 63.622519 -48.635387 472.450160 21.735919 1.540128
6.779356 13.296710 42.704719 3.991372 174.444567 7.447228 61.209707 392.966926 19.823393 1.404613
6.739356 13.106795 42.926862 2.951976 332.329087 65.764024 60.634460 358.390096 18.931194 1.341395
6.759356 13.227985 42.973827 3.658708 166.829704 43.954908 -107.978101 375.280501 19.372158 1.372640
6.739356 13.538717 42.798115 4.460589 164.817290 49.333525 86.645583 358.390096 18.931194 1.341395
6.659356 13.229276 42.928822 8.880013 82.088971 1.410704 98.948790 298.095898 17.265454 1.223367
6.679356 13.169367 42.882855 1.000000 121.280918 83.824135 163.956798 312.144725 17.667618 1.251863
6.719356 13.294243 42.794734 5.978864 103.346723 42.005098 -162.222623 342.259885 18.500267 1.310861
6.619356 13.041276 43.060830 5.044081 33.419700 89.377321 67.501157 271.866690 16.488380 1.168306
6.559356 12.864979 42.832557 1.000000 19.206224 60.662967 -54.639998 236.785988 15.387852 1.090327
6.539356 13.045560 42.925832 5.529318 335.319315 36.841908 89.738412 226.128863 15.037582 1.065508
6.859356 13.044135 42.970832 1.000000 142.996095 2.072787 94.311160 472.450160 21.735919 1.540128
6.999356 13.351769 42.930652 1.000000 176.798174 51.898350 3.589669 652.162766 25.537478 1.809492
6.859356 12.927619 42.788684 1.000000 171.849973 22.420166 -75.299526 472.450160 21.735919 1.540128
6.959356 12.868071 42.742566 2.377504 136.833420 14.771938 102.873203 594.779512 24.388102 1.728052
6.779356 13.104032 43.016864 1.000000 146.413958 32.331192 -121.039403 392.966926 19.823393 1.404613
6.499356 13.165360 43.017863 1.000000 13.825983 88.500518 -168.921129 206.231975 14.360779 1.017552
6.879356 12.982858 42.969768 1.000000 28.772243 34.939816 -65.186686 494.716050 22.242213 1.576002
6.939356 12.995961 42.564772 8.837281 278.209113 74.807968 108.551295 568.010024 23.832961 1.688716
6.699356 13.233131 42.793807 3.216111 125.809180 80.883471 -175.701149 326.855653 18.079150 1.281022
6.859356 13.234411 42.748801 1.000000 323.042324 47.568385 -46.490326 472.450160 21.735919 1.540128
6.779356 13.477595 42.797319 3.991372 163.018452 38.109945 62.229806 392.966926 19.823393 1.404613
6.679356 13.352968 42.885644 9.753554 166.432648 66.271151 65.198922 312.144725 17.667618 1.251863
6.819356 13.109546 42.836858 2.207315 118.921205 60.961503 -148.695078 430.879667 20.757641 1.470811
6.579356 12.930616 42.698688 1.000000 160.718117 20.752002 -72.608699 247.945368 15.746281 1.115724
6.839356 13.473160 42.977360 2.520982 264.500287 60.147515 73.820587 451.186400 21.241149 1.505070
6.759356 12.991624 42.699774 4.150908 149.279060 5.058860 128.140301 375.280501 19.372158 1.372640
6.619356 13.113649 42.701850 3.717974 196.370347 87.659682 57.396696 271.866690 16.488380 1.168306
6.819356 13.296710 42.704719 5.792463 158.770345 55.741825 102.597788 430.879667 20.757641 1.470811
6.759356 13.115010 42.656846 1.000000 141.712190 28.951298 -47.704754 375.280501 19.372158 1.372640
6.599356 12.930616 42.698688 1.000000 69.695986 73.871608 158.274578 259.630674 16.113059 1.141712
6.819356 13.286773 43.064770 2.207315 344.377946 48.356962 -54.860859 430.879667 20.757641 1.470811
6.579356 13.164018 43.062865 2.470630 154.793680 30.473120 -93.362762 247.945368 15.746281 1.115724
6.559356 13.113649 42.701850 5.559573 139.815155 6.638454 85.270439 236.785988 15.387852 1.090327
6.659356 13.535528 42.933151 6.647731 146.249482 41.030794 152.272150 298.095898 17.265454 1.223367
6.839356 12.918546 43.058662 1.000000 332.797182 51.149815 -56.942139 451.186400 21.241149 1.505070
6.819356 13.293005 42.839741 3.661066 163.566635 10.644300 50.801498 430.879667 20.757641 1.470811
6.659356 13.046981 42.880832 3.071770 173.214679 69.348536 -69.378156 298.095898 17.265454 1.223367
6.939356 13.175984 42.657833 2.573776 170.104974 9.290428 74.482565 568.010024 23.832961 1.688716
6.559356 13.106795 42.926862 3.487494 353.734247 84.074195 -68.506026 236.785988 15.387852 1.090327
6.699356 13.170696 42.837852 1.206973 352.953930 10.284063 8.406265 326.855653 18.079150 1.281022
6.719356 13.235687 42.703795 1.000000 158.962226 45.761452 -117.940863 342.259885 18.500267 1.310861
6.939356 12.988715 42.789774 2.285916 109.733288 57.388988 -120.840559 568.010024 23.832961 1.688716
6.839356 13.234411 42.748801 1.271245 235.089087 73.285923 37.788115 451.186400 21.241149 1.505070
6.699356 13.411862 42.976526 4.608055 138.305877 41.699286 100.217986 326.855653 18.079150 1.281022
6.719356 12.985793 42.879772 4.459168 151.136905 36.997732 61.967963 342.259885 18.500267 1.310861
6.979356 12.987256 42.834773 1.482675 203.411148 75.249736 109.345480 622.810606 24.956174 1.768303
6.879356 13.101256 43.106864 5.585585 317.588018 52.331777 71.614965 494.716050 22.242213 1.576002
6.679356 13.173346 42.747843 2.545723 158.623115 38.588901 133.427912 312.144725 17.667618 1.251863
6.939356 13.044135 42.970832 1.000000 150.581505 39.712608 -108.460062 568.010024 23.832961 1.688716
6.459356 12.745985 42.740227 3.571229 233.337278 35.963737 -150.271453 188.085796 13.714438 0.971755
6.699356 13.414174 42.886509 1.000000 358.574757 24.510497 -132.982992 326.855653 18.079150 1.281022
6.679356 13.289275 42.974759 4.753554 149.434836 12.857358 66.588953 312.144725 17.667618 1.251863
6.599356 13.418766 42.706469 1.000000 168.798853 61.259342 36.083600 259.630674 16.113059 1.141712
6.639356 12.984327 42.924770 5.034690 326.511845 53.803082 126.360442 284.679373 16.872444 1.195520
6.699356 13.293005 42.839741 3.692402 96.844104 77.594968 -109.527443 326.855653 18.079150 1.281022
6.779356 13.169367 42.882855 1.000000 121.469087 64.183014 136.973634 392.966926 19.823393 1.404613
6.719356 13.165360 43.017863 8.728393 299.696755 3.482439 -177.485869 342.259885 18.500267 1.310861
6.799356 13.045560 42.925832 3.119276 176.574950 66.034954 -61.002784 411.486887 20.285140 1.437331
6.819356 13.054040 42.655826 1.000000 142.744721 31.132613 -88.684744 430.879667 20.757641 1.470811
6.479356 13.293005 42.839741 3.398191 42.923154 26.750098 30.080120 196.950007 14.033888 0.994390
6.579356 13.172023 42.792848 1.000000 173.435600 18.334059 45.985144 247.945368 15.746281 1.115724
6.739356 12.979909 43.059763 1.000000 152.829181 18.303413 -59.854034 358.390096 18.931194 1.341395
6.879356 13.105415 42.971863 4.718287 351.600237 47.427143 -99.428340 494.716050 22.242213 1.576002
6.759356 12.863428 42.877552 1.000000 2.917324 88.423573 -139.949171 375.280501 19.372158 1.372640
6.979356 13.110917 42.791856 6.600087 164.469969 54.819905 51.054418 622.810606 24.956174 1.768303
6.679356 13.239498 42.568774 6.429889 162.805081 46.082635 -127.153535 312.144725 17.667618 1.251863
6.659356 13.169367 42.882855 4.895740 152.433833 32.632008 65.106173 298.095898 17.265454 1.223367
6.679356 13.115010 42.656846 3.614515 144.934357 77.245401 -49.191766 312.144725 17.667618 1.251863
6.419356 12.926116 42.833681 3.905579 331.246391 82.000228 130.534414 171.536285 13.097186 0.928019
6.719356 12.861873 42.922547 9.459168 171.340575 27.715276 123.968606 342.259885 18.500267 1.310861
6.859356 13.048400 42.835832 3.404403 173.490332 41.028831 133.421635 472.450160 21.735919 1.540128
6.619356 12.861873 42.922547 1.874421 0.532994 57.250508 -121.410225 271.866690 16.488380 1.168306
6.899356 12.752477 42.560253 7.267029 151.769473 62.798257 127.826802 518.031299 22.760301 1.612712
6.679356 13.227985 42.973827 9.753554 153.520700 41.107994 67.402724 312.144725 17.667618 1.251863
6.819356 13.116368 42.611842 1.000000 136.994095 35.326115 -121.859248 430.879667 20.757641 1.470811
6.779356 12.858752 43.012536 1.801291 162.509831 33.859936 87.816271 392.966926 19.823393 1.404613
6.799356 13.540831 42.708090 3.828120 154.785963 43.194815 54.761721 411.486887 20.285140 1.437331
6.719356 13.170696 42.837852 3.707257 343.421363 49.771670 -56.942547 342.259885 18.500267 1.310861
6.439356 12.860314 42.967542 6.261586 142.649741 52.390813 64.477654 179.620541 13.402259 0.949635
6.719356 13.351769 42.930652 1.000000 158.054679 28.804114 113.746058 342.259885 18.500267 1.310861
6.639356 13.042707 43.015831 1.860615 26.191537 51.821322 -73.436830 284.679373 16.872444 1.195520
6.499356 13.108172 42.881860 1.000000 127.275505 60.192043 -179.390719 206.231975 14.360779 1.017552
6.639356 13.041276 43.060830 4.069380 104.649551 63.672174 25.311825 284.679373 16.872444 1.195520
6.759356 13.045560 42.925832 1.000000 110.854571 58.913851 139.723023 375.280501 19.372158 1.372640
6.799356 13.113649 42.701850 1.000000 170.384973 21.862061 102.223022 411.486887 20.285140 1.437331
6.719356 13.284260 43.154778 1.000000 281.409629 57.831317 74.726537 342.259885 18.500267 1.310861
6.579356 12.861873 42.922547 7.470630 140.097056 81.654654 -78.696462 247.945368 15.746281 1.115724
6.679356 13.109546 42.836858 4.753554 152.354782 5.937641 96.062337 312.144725 17.667618 1.251863
6.779356 13.360105 42.615591 1.000000 319.655642 6.875728 -72.560074 392.966926 19.823393 1.404613
6.739356 12.858752 43.012536 9.306812 142.653659 29.258118 -127.781090 358.390096 18.931194 1.341395
6.719356 13.039841 43.105828 2.685721 113.814566 38.966168 -130.751328 342.259885 18.500267 1.310861
6.939356 13.233131 42.793807 1.000000 305.255722 39.298750 83.855104 568.010024 23.832961 1.688716
6.679356 13.170696 42.837852 1.429889 170.394570 20.997438 -58.415647 312.144725 17.667618 1.251863
6.499356 12.866527 42.787562 1.259228 135.321901 52.332717 -115.655768 206.231975 14.360779 1.017552
6.599356 13.536594 42.888139 1.000000 235.358288 43.491883 -110.014445 259.630674 16.113059 1.141712
6.999356 13.044135 42.970832 1.000000 116.100846 75.590785 22.368987 652.162766 25.537478 1.809492
6.679356 13.230564 42.883818 1.000000 149.429246 24.824643 71.669776 312.144725 17.667618 1.251863
6.879356 12.855618 43.102523 1.000000 160.517647 43.232593 -122.128325 494.716050 22.242213 1.576002
6.599356 13.291765 42.884747 1.000000 239.138405 64.906585 -55.326388 259.630674 16.113059 1.141712
6.659356 13.346945 43.110678 6.647731 118.442987 46.872445 -97.830823 298.095898 17.265454 1.223367
6.899356 13.045560 42.925832 1.407964 349.197404 52.315911 -102.051871 518.031299 22.760301 1.612712
6.959356 13.115010 42.656846 7.377504 153.118694 36.659280 61.999493 594.779512 24.388102 1.728052
6.679356 13.049814 42.790831 6.429889 123.925955 65.661500 -72.729719 312.144725 17.667618 1.251863
6.699356 13.227985 42.973827 6.325455 154.480223 66.430466 106.677164 326.855653 18.079150 1.281022
6.699356 13.106795 42.926862 3.330871 173.353900 71.508959 -102.853445 326.855653 18.079150 1.281022
6.719356 12.981385 43.014765 1.000000 11.478025 45.275357 -125.878461 342.259885 18.500267 1.310861
6.619356 13.474273 42.932351 2.467106 142.742058 63.110271 -109.409206 271.866690 16.488380 1.168306
6.579356 13.418766 42.706469 5.432849 157.284086 45.934006 66.847160 247.945368 15.746281 1.115724
6.579356 13.169367 42.882855 5.537178 167.747456 36.448235 -133.043481 247.945368 15.746281 1.115724
6.819356 12.927619 42.788684 1.000000 143.931670 24.997263 -102.125893 430.879667 20.757641 1.470811
6.839356 13.166699 42.972861 3.490120 167.350287 27.024392 129.906525 451.186400 21.241149 1.505070
6.539356 13.411862 42.976526 1.008083 128.269694 67.833417 -122.910845 226.128863 15.037582 1.065508
6.579356 13.177298 42.612828 5.432849 160.538681 27.182671 -63.450030 247.945368 15.746281 1.115724
6.739356 13.109546 42.836858 5.745441 167.537261 56.482049 -102.947374 358.390096 18.931194 1.341395
6.799356 12.981385 43.014765 1.000000 62.845970 43.968387 3.286290 411.486887 20.285140 1.437331
6.799356 13.231849 42.838813 1.000000 60.638684 45.247695 96.622577 411.486887 20.285140 1.437331
6.999356 13.164018 43.062865 8.373287 136.644166 65.273887 51.739128 652.162766 25.537478 1.809492
6.579356 13.169367 42.882855 2.949032 176.155055 70.235750 122.279003 247.945368 15.746281 1.115724
6.819356 13.039841 43.105828 1.000000 294.230607 55.293906 -73.910274 430.879667 20.757641 1.470811
6.819356 13.048400 42.835832 4.549345 281.172251 47.886350 -126.160179 430.879667 20.757641 1.470811
6.559356 13.233131 42.793807 1.000000 135.118364 17.486876 -59.173263 236.785988 15.387852 1.090327
6.659356 12.797441 43.011372 1.000000 177.909288 13.563016 -117.022181 298.095898 17.265454 1.223367
6.679356 12.802250 42.876394 3.804712 144.701466 82.116521 -133.372430 312.144725 17.667618 1.251863
6.739356 12.918546 43.058662 1.000000 178.486004 11.587845 -129.395994 358.390096 18.931194 1.341395
6.659356 12.988715 42.789774 1.085031 322.598906 71.201468 -62.225819 298.095898 17.265454 1.223367
6.859356 12.810192 42.651423 4.226191 126.751658 67.096131 -49.368056 472.450160 21.735919 1.540128
6.919356 13.414174 42.886509 7.765580 163.021582 2.609586 -102.888246 542.445362 23.290456 1.650277
6.519356 12.926116 42.833681 5.804432 152.832037 49.587213 65.811376 215.951388 14.695285 1.041254
6.819356 13.049814 42.790831 1.000000 173.318138 15.997753 102.789829 430.879667 20.757641 1.470811
6.619356 13.238231 42.613781 1.000000 278.477559 44.219951 -171.917647 271.866690 16.488380 1.168306
6.479356 13.357737 42.705610 6.675000 87.852661 42.204497 -163.028811 196.950007 14.033888 0.994390
6.599356 13.112285 42.746853 7.271955 175.240093 22.118292 -129.895783 259.630674 16.113059 1.141712
6.819356 12.739433 42.920194 1.000000 169.658895 15.342896 -74.902738 430.879667 20.757641 1.470811
6.819356 13.408375 43.111549 1.000000 10.618887 33.186795 -117.521449 430.879667 20.757641 1.470811
6.579356 13.408375 43.111549 2.470630 43.329318 43.792890 -45.040195 247.945368 15.746281 1.115724
6.759356 12.868071 42.742566 3.903848 143.155360 77.968256 -82.050774 375.280501 19.372158 1.372640
6.739356 13.415326 42.841500 6.115465 164.670503 61.901559 77.351043 358.390096 18.931194 1.341395
6.759356 13.173346 42.747843 5.747750 152.365774 57.843449 64.557962 375.280501 19.372158 1.372640
6.799356 12.929119 42.743686 1.393748 259.815683 52.513361 38.103091 411.486887 20.285140 1.437331
6.859356 13.039841 43.105828 1.000000 166.750865 30.085206 -98.095288 472.450160 21.735919 1.540128
6.679356 13.295478 42.749727 3.306763 199.884286 71.932255 -114.273173 312.144725 17.667618 1.251863
6.779356 13.231849 42.838813 3.991372 149.561067 11.152949 67.231062 392.966926 19.823393 1.404613
6.619356 13.296710 42.704719 1.000000 82.083046 48.062549 159.547945 271.866690 16.488380 1.168306
6.739356 13.295478 42.749727 3.036735 146.479489 66.663513 -82.854724 358.390096 18.931194 1.341395
6.719356 13.231849 42.838813 1.000000 344.324218 28.700419 -105.874127 342.259885 18.500267 1.310861
6.839356 13.294243 42.794734 1.000000 2.705132 28.208668 -97.907980 451.186400 21.241149 1.505070
6.679356 13.477595 42.797319 4.753554 165.689190 15.788566 73.326709 312.144725 17.667618 1.251863
6.799356 13.286773 43.064770 1.000000 290.799774 46.471811 -110.772032 411.486887 20.285140 1.437331
6.939356 13.172023 42.792848 1.000000 162.804586 13.156857 -76.866383 568.010024 23.832961 1.688716
6.499356 13.355358 42.795628 3.650536 152.608814 49.554038 98.222293 206.231975 14.360779 1.017552
6.679356 13.409540 43.066542 4.753554 160.368096 28.101275 68.176951 312.144725 17.667618 1.251863
6.699356 13.230564 42.883818 5.998564 141.612172 62.999800 93.927295 326.855653 18.079150 1.281022
6.899356 13.234411 42.748801 1.000000 116.563297 33.993453 124.066410 518.031299 22.760301 1.612712
6.559356 12.995961 42.564772 1.008829 337.022689 50.072383 21.600956 236.785988 15.387852 1.090327
6.659356 13.170696 42.837852 2.820845 179.046949 66.232706 -124.111936 298.095898 17.265454 1.223367
6.719356 13.048400 42.835832 1.000000 135.849294 52.463009 -165.751900 342.259885 18.500267 1.310861
6.779356 12.926116 42.833681 6.753642 299.857837 65.570178 -116.734578 392.966926 19.823393 1.404613
6.519356 13.112285 42.746853 1.000000 174.109459 5.356949 -126.529400 215.951388 14.695285 1.041254
6.659356 13.174666 42.702839 9.895740 172.150987 11.377178 67.194826 298.095898 17.265454 1.223367
6.699356 13.480894 42.662284 9.608055 168.963114 69.862578 108.631420 326.855653 18.079150 1.281022
6.679356 13.230564 42.883818 9.753554 143.744213 70.330221 107.184095 312.144725 17.667618 1.251863
6.699356 13.172023 42.792848 1.759793 152.303307 87.604709 140.689061 326.855653 18.079150 1.281022
6.459356 13.350567 42.975659 1.302428 174.120709 45.713039 -151.288579 188.085796 13.714438 0.971755
6.799356 13.049814 42.790831 1.000000 350.021304 46.417171 -133.813497 411.486887 20.285140 1.437331
6.659356 12.985793 42.879772 13.880013 1.670505 44.773394 48.389035 298.095898 17.265454 1.223367
6.839356 13.541885 42.663077 1.000000 167.116537 27.458487 -115.855805 451.186400 21.241149 1.505070
6.559356 12.985793 42.879772 7.664782 137.767656 25.799289 -87.958256 236.785988 15.387852 1.090327
6.799356 13.296710 42.704719 2.724356 158.644993 38.331942 49.129861 411.486887 20.285140 1.437331
6.599356 12.864979 42.832557 3.020154 161.287851 42.633417 84.587236 259.630674 16.113059 1.141712
6.859356 13.169367 42.882855 8.315192 278.606752 48.008635 -51.369489 472.450160 21.735919 1.540128
6.779356 12.987256 42.834773 8.991372 341.114399 14.797595 -130.926730 392.966926 19.823393 1.404613
6.499356 13.174666 42.702839 3.175653 158.359001 78.607576 -77.227815 206.231975 14.360779 1.017552
6.659356 13.172023 42.792848 8.880013 2.109410 11.611155 48.577052 298.095898 17.265454 1.223367
6.639356 12.933599 42.608690 1.860615 303.041600 36.418792 -86.711284 284.679373 16.872444 1.195520
6.579356 12.923098 42.923675 5.432849 287.817383 9.595840 -109.471712 247.945368 15.746281 1.115724
6.859356 12.915494 43.148652 1.000000 8.687692 65.004122 33.214882 472.450160 21.735919 1.540128
6.839356 13.046981 42.880832 1.000000 324.580538 24.436041 -63.587315 451.186400 21.241149 1.505070
6.499356 13.039841 43.105828 3.221122 154.306558 25.722094 -86.428956 206.231975 14.360779 1.017552
6.719356 13.354164 42.840637 4.459168 143.728432 31.396040 75.291838 342.259885 18.500267 1.310861
6.839356 12.866527 42.787562 1.930429 138.495409 34.190553 110.816309 451.186400 21.241149 1.505070
6.959356 12.744352 42.785219 2.377504 173.884896 9.217682 83.359239 594.779512 24.388102 1.728052
6.819356 13.236960 42.658788 1.000000 135.325939 22.469472 -70.080549 430.879667 20.757641 1.470811
6.679356 12.807026 42.741412 1.738932 204.923782 87.240954 107.990919 312.144725 17.667618 1.251863
6.979356 12.800651 42.921387 7.176660 176.147474 30.206058 133.820538 622.810606 24.956174 1.768303
6.679356 13.475383 42.887340 13.830632 326.385292 37.165040 128.525215 312.144725 17.667618 1.251863
6.819356 13.175984 42.657833 1.000000 132.689636 34.269917 -67.025558 430.879667 20.757641 1.470811
6.999356 13.105415 42.971863 2.166981 339.157947 54.579419 -66.281880 652.162766 25.537478 1.809492
6.539356 12.868071 42.742566 1.000000 148.162785 30.166826 -45.099291 226.128863 15.037582 1.065508
6.939356 13.230564 42.883818 2.573776 1.747137 10.513789 70.634456 568.010024 23.832961 1.688716
6.699356 12.792599 43.146346 4.608055 146.594353 12.894243 67.752978 326.855653 18.079150 1.281022
6.759356 13.168034 42.927858 1.000000 142.124245 26.683229 -108.671301 375.280501 19.372158 1.372640
6.479356 13.045560 42.925832 6.038271 159.442686 49.885676 68.945592 196.950007 14.033888 0.994390
6.619356 12.985793 42.879772 6.366296 156.777250 73.794900 89.992794 271.866690 16.488380 1.168306
6.779356 13.229276 42.928822 5.157221 158.138379 52.804635 65.963485 392.966926 19.823393 1.404613
6.759356 13.046981 42.880832 1.000000 108.897807 29.146763 -74.105921 375.280501 19.372158 1.372640
6.839356 12.813343 42.561431 1.902840 159.852320 88.862076 -135.136459 451.186400 21.241149 1.505070
6.819356 13.354164 42.840637 4.756100 153.389030 20.827878 -61.963823 430.879667 20.757641 1.470811
6.639356 12.921584 42.968671 10.034690 177.706936 66.569373 117.610425 284.679373 16.872444 1.195520
6.639356 13.407207 43.156556 1.000000 304.072346 48.100584 -101.794041 284.679373 16.872444 1.195520
6.879356 13.286773 43.064770 1.000000 145.766311 13.833563 33.276573 494.716050 22.242213 1.576002
6.659356 13.419907 42.661459 1.000000 311.939310 6.102143 71.733534 298.095898 17.265454 1.223367
6.659356 13.051226 42.745830 9.895740 156.382583 52.527182 60.060180 298.095898 17.265454 1.223367
6.859356 13.293005 42.839741 4.566731 338.081979 86.475135 99.958003 472.450160 21.735919 1.540128
6.739356 13.112285 42.746853 4.306812 5.145524 9.656444 160.375792 358.390096 18.931194 1.341395
6.739356 12.810192 42.651423 1.000000 144.847048 8.848686 105.526048 358.390096 18.931194 1.341395
6.679356 13.231849 42.838813 3.520443 92.261599 75.419422 -79.147261 312.144725 17.667618 1.251863
6.659356 13.410702 43.021534 4.895740 141.948647 1.222106 115.867599 298.095898 17.265454 1.223367
6.679356 13.112285 42.746853 1.000000 307.270847 24.711303 59.558721 312.144725 17.667618 1.251863
6.739356 13.234411 42.748801 3.782126 137.643362 76.875036 -47.188894 358.390096 18.931194 1.341395
6.959356 13.112285 42.746853 1.000000 77.401914 47.539583 152.893499 594.779512 24.388102 1.728052
6.579356 13.233131 42.793807 1.557707 158.796079 33.373122 124.434864 247.945368 15.746281 1.115724
6.959356 13.051226 42.745830 4.891580 279.030980 82.616764 -60.185189 594.779512 24.388102 1.728052
6.799356 13.354164 42.840637 3.722007 123.400584 72.904067 -73.804738 411.486887 20.285140 1.437331
6.499356 13.049814 42.790831 1.000000 159.512492 19.840683 99.553096 206.231975 14.360779 1.017552
6.699356 12.807026 42.741412 8.780101 107.776271 35.553487 76.966398 326.855653 18.079150 1.281022
6.939356 12.979909 43.059763 1.000000 177.050295 14.420105 -132.073940 568.010024 23.832961 1.688716
6.759356 13.172023 42.792848 5.027435 140.436404 52.562064 68.485611 375.280501 19.372158 1.372640
6.739356 13.046981 42.880832 1.000000 320.454912 23.798211 -108.870653 358.390096 18.931194 1.341395
6.919356 12.923098 42.923675 3.140216 155.935525 5.935205 115.658970 542.445362 23.290456 1.650277
6.779356 12.979909 43.059763 3.712294 175.221262 43.907552 89.310596 392.966926 19.823393 1.404613
6.759356 13.294243 42.794734 5.506582 353.553262 23.248088 -88.378195 375.280501 19.372158 1.372640
6.559356 13.168034 42.927858 5.559573 151.696764 24.356556 -111.368309 236.785988 15.387852 1.090327
6.659356 13.105415 42.971863 9.895740 156.708649 39.574576 106.288657 298.095898 17.265454 1.223367
6.519356 13.354164 42.840637 2.670957 146.365023 67.949060 -123.434014 215.951388 14.695285 1.041254
6.819356 13.104032 43.016864 3.725463 129.474508 72.125228 -87.797463 430.879667 20.757641 1.470811
6.539356 13.475383 42.887340 1.000000 16.979374 64.605907 8.711655 226.128863 15.037582 1.065508
6.599356 13.113649 42.701850 3.520428 127.780859 80.843633 -122.219714 259.630674 16.113059 1.141712
6.779356 13.238231 42.613781 1.982744 38.423914 88.081098 139.110132 392.966926 19.823393 1.404613
6.519356 13.166699 42.972861 1.000000 135.785381 20.592053 45.794348 215.951388 14.695285 1.041254
6.859356 13.110917 42.791856 3.981131 162.395327 43.944610 104.025741 472.450160 21.735919 1.540128
6.879356 13.045560 42.925832 1.000000 147.550690 13.266933 -69.152488 494.716050 22.242213 1.576002
6.699356 13.290521 42.929753 4.608055 176.211327 47.994128 54.845369 326.855653 18.079150 1.281022
6.879356 13.169367 42.882855 1.000000 95.298052 12.472538 118.382880 494.716050 22.242213 1.576002
6.719356 13.113649 42.701850 1.574846 169.821037 79.620352 -52.326130 342.259885 18.500267 1.310861
6.699356 13.052635 42.700828 6.206973 118.441569 30.327293 -49.826294 326.855653 18.079150 1.281022
6.459356 13.411862 42.976526 3.571229 153.320452 60.538114 -50.470246 188.085796 13.714438 0.971755
6.899356 12.861873 42.922547 7.953018 57.987000 21.642332 -50.133359 518.031299 22.760301 1.612712
6.859356 13.229276 42.928822 1.000000 175.952621 6.842984 -103.498290 472.450160 21.735919 1.540128
6.619356 12.924609 42.878678 3.000948 336.938876 42.192368 -125.693877 271.866690 16.488380 1.168306
6.659356 13.044135 42.970832 9.895740 160.760250 26.199229 64.897889 298.095898 17.265454 1.223367
6.499356 13.048400 42.835832 8.221122 148.883849 62.384040 -70.151601 206.231975 14.360779 1.017552
6.539356 13.112285 42.746853 10.683412 156.457319 52.210008 54.938864 226.128863 15.037582 1.065508
6.719356 13.046981 42.880832 4.533783 157.057873 50.365794 107.414868 342.259885 18.500267 1.310861
6.719356 13.410702 43.021534 4.459168 149.415546 27.048789 93.071347 342.259885 18.500267 1.310861
6.619356 13.411862 42.976526 5.170477 162.434323 20.610499 87.564209 271.866690 16.488380 1.168306
6.719356 12.797441 43.011372 1.000000 156.622388 3.367471 115.666848 342.259885 18.500267 1.310861
6.459356 13.230564 42.883818 11.151214 146.395772 7.209102 62.268193 188.085796 13.714438 0.971755
6.759356 13.411862 42.976526 7.283268 277.616441 73.474556 93.678052 375.280501 19.372158 1.372640
6.739356 13.049814 42.790831 9.306812 177.936326 51.015339 66.231819 358.390096 18.931194 1.341395
6.539356 13.352968 42.885644 2.003018 137.980952 36.464822 107.693309 226.128863 15.037582 1.065508
6.739356 12.985793 42.879772 1.000000 306.871072 30.062763 -45.392066 358.390096 18.931194 1.341395
6.679356 13.165360 43.017863 9.753554 161.283799 4.949262 91.715805 312.144725 17.667618 1.251863
6.619356 13.174666 42.702839 1.000000 157.052457 29.641638 118.129565 271.866690 16.488380 1.168306
6.659356 12.932109 42.653689 1.000000 348.215058 37.854139 -92.310277 298.095898 17.265454 1.223367
6.759356 13.470927 43.067379 3.868913 171.724199 77.286281 -132.916593 375.280501 19.372158 1.372640
6.759356 13.231849 42.838813 5.717706 179.942937 57.608106 124.134939 375.280501 19.372158 1.372640
6.679356 13.046981 42.880832 2.684200 355.016499 64.270956 -45.512850 312.144725 17.667618 1.251863
6.899356 13.236960 42.658788 6.322930 166.943339 56.174908 132.818924 518.031299 22.760301 1.612712
6.619356 13.349362 43.020666 1.000000 143.730706 29.117650 116.992533 271.866690 16.488380 1.168306
6.759356 13.417622 42.751480 1.912736 104.752717 56.374652 -131.988986 375.280501 19.372158 1.372640
6.699356 13.291765 42.884747 1.378682 291.899301 75.769451 22.772634 326.855653 18.079150 1.281022
6.519356 13.101256 43.106864 2.362608 293.448796 63.789337 -74.676136 215.951388 14.695285 1.041254
6.759356 12.981385 43.014765 1.206397 151.356624 31.001963 114.824549 375.280501 19.372158 1.372640
6.539356 13.417622 42.751480 10.683412 164.514345 31.436846 53.417863 226.128863 15.037582 1.065508
6.739356 12.927619 42.788684 1.000000 135.609959 5.881321 -59.881234 358.390096 18.931194 1.341395
6.679356 12.987256 42.834773 4.753554 111.517166 45.801876 136.414607 312.144725 17.667618 1.251863
6.779356 13.041276 43.060830 2.534907 346.196525 37.553447 -133.705806 392.966926 19.823393 1.404613
6.819356 13.348155 43.065672 8.661066 96.242956 36.988241 -73.908189 430.879667 20.757641 1.470811
6.579356 13.229276 42.928822 5.432849 155.459470 33.532226 91.774116 247.945368 15.746281 1.115724
6.619356 12.923098 42.923675 3.427530 335.162166 76.970582 -66.781886 271.866690 16.488380 1.168306
6.599356 12.861873 42.922547 5.303173 135.239317 37.855824 117.050946 259.630674 16.113059 1.141712
6.559356 13.536594 42.888139 1.000000 23.834293 48.639932 35.136942 236.785988 15.387852 1.090327
6.639356 13.227985 42.973827 6.860615 159.167320 82.780909 -110.689739 284.679373 16.872444 1.195520
6.699356 13.352968 42.885644 1.000000 174.002621 26.803997 -56.146097 326.855653 18.079150 1.281022
6.679356 13.104032 43.016864 4.753554 139.548956 9.276459 45.825390 312.144725 17.667618 1.251863
6.519356 13.042707 43.015831 3.039929 173.737233 43.019027 -70.021050 215.951388 14.695285 1.041254
6.919356 13.468684 43.157396 2.765580 178.121142 31.140027 64.218671 542.445362 23.290456 1.650277
6.659356 13.108172 42.881860 1.148277 37.525188 51.095131 11.024383 298.095898 17.265454 1.223367
6.619356 13.051226 42.745830 5.347034 139.746410 60.791126 108.106717 271.866690 16.488380 1.168306
6.599356 13.236960 42.658788 1.085310 124.702913 50.672120 -106.998243 259.630674 16.113059 1.141712
6.779356 13.418766 42.706469 2.455237 172.798331 60.442607 -86.804240 392.966926 19.823393 1.404613
6.619356 12.987256 42.834773 1.000000 124.803282 31.254053 -62.342259 271.866690 16.488380 1.168306
6.639356 13.473160 42.977360 1.000000 148.827956 5.728795 85.477414 284.679373 16.872444 1.195520
6.839356 13.352968 42.885644 3.760544 159.427128 43.140849 103.886891 451.186400 21.241149 1.505070
6.679356 13.352968 42.885644 1.000000 107.963628 30.128236 -49.425161 312.144725 17.667618 1.251863
6.719356 13.289275 42.974759 1.000000 155.656592 26.644712 90.567332 342.259885 18.500267 1.310861
6.779356 13.537657 42.843128 4.098929 331.905742 80.795623 -111.052746 392.966926 19.823393 1.404613
6.779356 13.173346 42.747843 3.991372 167.584056 27.178088 77.472281 392.966926 19.823393 1.404613
6.859356 12.795831 43.056364 3.512205 173.280934 68.356561 -108.320261 472.450160 21.735919 1.540128
6.579356 13.112285 42.746853 1.000000 152.441533 25.458434 -89.211079 247.945368 15.746281 1.115724
6.439356 13.104032 43.016864 4.932188 276.566034 66.195301 -123.686066 179.620541 13.402259 0.949635
6.439356 13.354164 42.840637 6.261586 140.220172 37.371621 -79.385804 179.620541 13.402259 0.949635
6.659356 13.162673 43.107867 1.482690 148.276300 53.666457 -45.061156 298.095898 17.265454 1.223367
6.499356 12.985793 42.879772 5.922698 168.638577 8.867290 119.724993 206.231975 14.360779 1.017552
6.519356 13.106795 42.926862 2.842050 243.971847 42.630780 -117.357564 215.951388 14.695285 1.041254
6.819356 13.413019 42.931518 1.000000 145.465825 29.601034 -86.114572 430.879667 20.757641 1.470811
6.579356 13.289275 42.974759 10.432849 156.264042 29.395277 90.080059 247.945368 15.746281 1.115724
6.679356 12.978430 43.104759 1.000000 335.324139 53.728931 21.102553 312.144725 17.667618 1.251863
6.759356 13.226691 43.018830 5.506582 267.612657 23.195127 119.302767 375.280501 19.372158 1.372640
6.879356 13.048400 42.835832 8.268927 9.810794 29.162251 128.806154 494.716050 22.242213 1.576002
6.959356 13.172023 42.792848 5.033913 272.648378 89.503035 57.219519 594.779512 24.388102 1.728052
6.459356 12.861873 42.922547 3.571229 169.091591 10.672717 -130.551363 188.085796 13.714438 0.971755
6.879356 12.926116 42.833681 3.136190 243.775391 33.443152 146.100911 494.716050 22.242213 1.576002
6.739356 13.177298 42.612828 1.000000 170.931866 11.289851 -98.222203 358.390096 18.931194 1.341395
6.739356 13.354164 42.840637 6.928690 178.658333 70.542681 80.867282 358.390096 18.931194 1.341395
6.799356 12.923098 42.923675 1.000000 68.151158 49.604997 11.044136 411.486887 20.285140 1.437331
6.919356 13.115010 42.656846 4.848060 48.916425 88.599945 -161.476878 542.445362 23.290456 1.650277
6.859356 13.172023 42.792848 3.315192 143.905356 1.863594 56.159469 472.450160 21.735919 1.540128
6.799356 13.239498 42.568774 3.828120 162.401483 33.404889 -104.018582 411.486887 20.285140 1.437331
6.839356 13.346945 43.110678 4.048338 150.258177 44.664582 47.241447 451.186400 21.241149 1.505070
6.999356 12.976947 43.149756 1.754354 316.895519 53.883390 -162.401977 652.162766 25.537478 1.809492
6.759356 13.288025 43.019765 5.506582 204.226628 67.230485 130.678176 375.280501 19.372158 1.372640
6.739356 13.049814 42.790831 3.662119 135.249003 74.777231 -46.452350 358.390096 18.931194 1.341395
6.899356 13.109546 42.836858 1.000000 201.549575 67.246562 -121.044182 518.031299 22.760301 1.612712
6.579356 12.984327 42.924770 2.470630 321.183046 7.950090 -73.002947 247.945368 15.746281 1.115724
6.599356 13.357737 42.705610 2.271955 169.142897 18.112885 -97.848009 259.630674 16.113059 1.141712
6.799356 13.227985 42.973827 8.828120 162.156547 49.918993 73.764012 411.486887 20.285140 1.437331
6.699356 12.984327 42.924770 1.000000 126.175371 65.979368 142.971456 326.855653 18.079150 1.281022
6.639356 12.800651 42.921387 1.000000 116.494423 76.473484 116.693145 284.679373 16.872444 1.195520
6.519356 12.737785 42.965185 10.804432 158.044469 12.885810 113.283499 215.951388 14.695285 1.041254
6.639356 13.168034 42.927858 4.788885 321.882644 75.447447 -47.948609 284.679373 16.872444 1.195520
6.919356 12.991624 42.699774 6.488166 150.201300 56.433584 57.973495 542.445362 23.290456 1.650277
6.559356 13.418766 42.706469 2.664782 335.799702 28.325829 -76.374003 236.785988 15.387852 1.090327
6.719356 13.106795 42.926862 4.459168 336.677160 7.869987 -81.435798 342.259885 18.500267 1.310861
6.599356 12.805438 42.786407 1.000000 151.370209 12.596563 117.307867 259.630674 16.113059 1.141712
6.839356 13.110917 42.791856 1.000000 179.583982 28.179326 -90.321866 451.186400 21.241149 1.505070
6.719356 13.169367 42.882855 4.459168 173.052720 31.054990 67.376204 342.259885 18.500267 1.310861
6.799356 13.293005 42.839741 2.481389 149.590686 60.379950 -45.306382 411.486887 20.285140 1.437331
6.879356 13.346945 43.110678 3.951944 267.785279 39.592907 73.730943 494.716050 22.242213 1.576002
6.739356 13.291765 42.884747 5.745441 206.933557 49.481920 -50.623966 358.390096 18.931194 1.341395
6.699356 13.166699 42.972861 6.062494 159.226560 63.637917 81.753439 326.855653 18.079150 1.281022
6.779356 13.099863 43.151864 13.565929 306.782201 36.713233 132.068230 392.966926 19.823393 1.404613
6.599356 13.106795 42.926862 1.446513 139.015565 53.632865 -120.930369 259.630674 16.113059 1.141712
6.759356 13.162673 43.107867 1.000000 166.005186 23.516339 -126.377164 375.280501 19.372158 1.372640
6.699356 12.861873 42.922547 9.608055 172.438559 32.343312 57.130917 326.855653 18.079150 1.281022
6.699356 12.988715 42.789774 2.776825 172.409118 64.827845 -52.376870 326.855653 18.079150 1.281022
6.739356 13.296710 42.704719 6.370919 173.238092 64.319269 120.284260 358.390096 18.931194 1.341395
6.679356 12.927619 42.788684 4.753554 171.377265 45.431972 116.918567 312.144725 17.667618 1.251863
6.859356 12.985793 42.879772 8.315192 176.474221 74.013862 85.133309 472.450160 21.735919 1.540128
6.439356 13.106795 42.926862 1.000000 151.960573 56.488377 174.599516 179.620541 13.402259 0.949635
6.859356 13.104032 43.016864 1.000000 177.994176 0.119646 105.236848 472.450160 21.735919 1.540128
6.739356 12.795831 43.056364 1.000000 169.642251 8.456835 85.408020 358.390096 18.931194 1.341395
6.779356 13.109546 42.836858 2.915696 151.352344 39.543732 55.422156 392.966926 19.823393 1.404613
6.799356 13.102645 43.061864 5.012043 176.532771 37.854873 -77.876935 411.486887 20.285140 1.437331
6.659356 12.917022 43.103657 4.895740 176.014617 21.223335 66.373809 298.095898 17.265454 1.223367
6.899356 13.046981 42.880832 2.953018 161.716409 37.404223 104.509414 518.031299 22.760301 1.612712
6.659356 13.297940 42.659711 4.895740 143.444826 18.528450 102.020320 298.095898 17.265454 1.223367
6.459356 13.293005 42.839741 6.151214 198.796755 53.534611 -67.620019 188.085796 13.714438 0.971755
6.999356 13.414174 42.886509 4.059091 139.879489 42.021254 -112.543610 652.162766 25.537478 1.809492
6.779356 13.416475 42.796490 1.000000 20.628967 49.886846 118.681084 392.966926 19.823393 1.404613
6.759356 12.737785 42.965185 1.993971 148.896022 56.993280 -60.173609 375.280501 19.372158 1.372640
6.719356 13.109546 42.836858 6.623837 175.386365 68.419588 89.476248 342.259885 18.500267 1.310861
6.619356 13.422182 42.571436 3.714761 147.219337 87.300621 -113.191394 271.866690 16.488380 1.168306
6.759356 12.797441 43.011372 1.000000 27.667164 36.733387 2.079397 375.280501 19.372158 1.372640
6.799356 13.109546 42.836858 7.536284 148.725694 72.879611 124.561966 411.486887 20.285140 1.437331
6.919356 13.231849 42.838813 1.000000 139.661186 38.867762 -109.133605 542.445362 23.290456 1.650277
6.659356 13.357737 42.705610 1.647731 143.069818 28.129652 -115.418228 298.095898 17.265454 1.223367
6.659356 13.351769 42.930652 1.520052 135.323507 53.963456 -103.880045 298.095898 17.265454 1.223367
6.839356 13.284260 43.154778 8.998186 111.943936 44.923259 81.860457 451.186400 21.241149 1.505070
6.659356 13.290521 42.929753 6.197606 165.804505 67.779598 51.680031 298.095898 17.265454 1.223367
6.959356 13.291765 42.884747 8.909379 136.206270 73.465368 81.405413 594.779512 24.388102 1.728052
6.559356 13.226691 43.018830 3.245478 174.042318 76.510832 -116.264152 236.785988 15.387852 1.090327
6.599356 12.984327 42.924770 3.665554 196.553861 89.823104 -104.344167 259.630674 16.113059 1.141712
6.799356 12.985793 42.879772 3.190616 136.073405 66.746494 -63.414757 411.486887 20.285140 1.437331
6.579356 12.994519 42.609773 5.432849 141.351866 53.685527 58.408220 247.945368 15.746281 1.115724
6.719356 13.357737 42.705610 5.978864 135.518159 12.166787 -67.643824 342.259885 18.500267 1.310861
6.959356 13.101256 43.106864 4.864673 160.704087 81.950927 -46.334289 594.779512 24.388102 1.728052
6.559356 12.921584 42.968671 2.664782 204.177593 66.068785 -58.453679 236.785988 15.387852 1.090327
6.879356 12.872682 42.607575 8.136190 141.427005 24.420470 73.172532 494.716050 22.242213 1.576002
6.539356 13.227985 42.973827 10.683412 164.339303 15.706353 74.639015 226.128863 15.037582 1.065508
6.839356 13.224094 43.108837 1.000000 0.164113 32.375368 80.299028 451.186400 21.241149 1.505070
6.659356 13.112285 42.746853 9.895740 74.502373 51.440163 81.788406 298.095898 17.265454 1.223367
6.879356 12.747613 42.695234 1.000000 89.966451 37.761741 93.262638 494.716050 22.242213 1.576002
6.459356 13.172023 42.792848 1.000000 48.603768 79.175586 -173.788257 188.085796 13.714438 0.971755
6.859356 12.987256 42.834773 6.811103 167.462845 61.412856 113.979435 472.450160 21.735919 1.540128
6.779356 13.235687 42.703795 8.991372 283.054158 8.818188 -133.029706 392.966926 19.823393 1.404613
6.939356 12.861873 42.922547 1.340360 163.318798 31.345431 134.842368 568.010024 23.832961 1.688716
6.879356 13.227985 42.973827 1.000000 314.863823 42.952999 -98.783523 494.716050 22.242213 1.576002
6.999356 13.168034 42.927858 8.067122 172.539654 63.045007 89.141443 652.162766 25.537478 1.809492
6.819356 12.869611 42.697569 4.756100 164.479057 36.233829 -116.241062 430.879667 20.757641 1.470811
6.539356 13.285518 43.109774 2.854515 165.692394 44.110622 -58.216556 226.128863 15.037582 1.065508
6.779356 13.289275 42.974759 4.975011 327.919243 51.589521 38.334917 392.966926 19.823393 1.404613
6.699356 13.537657 42.843128 1.000000 137.356976 3.929692 128.481538 326.855653 18.079150 1.281022
6.719356 13.170696 42.837852 3.764153 324.064736 77.780582 -74.405886 342.259885 18.500267 1.310861
6.979356 13.416475 42.796490 7.176660 74.551054 27.042764 104.679188 622.810606 24.956174 1.768303
6.839356 13.415326 42.841500 1.000000 38.529111 31.042671 -47.874774 451.186400 21.241149 1.505070
6.739356 13.418766 42.706469 1.000000 30.449722 61.411693 -163.034406 358.390096 18.931194 1.341395
6.619356 13.293005 42.839741 5.878290 177.717155 66.695086 116.224942 271.866690 16.488380 1.168306
6.719356 13.348155 43.065672 8.728393 344.685912 6.168503 56.401755 342.259885 18.500267 1.310861
6.519356 13.410702 43.021534 5.804432 162.170290 14.908325 111.587965 215.951388 14.695285 1.041254
6.599356 13.416475 42.796490 7.271955 168.972005 82.354433 -66.251415 259.630674 16.113059 1.141712
6.639356 12.736134 43.010175 1.000000 177.701092 7.972887 -97.778693 284.679373 16.872444 1.195520
6.779356 13.297940 42.659711 3.991372 173.624945 18.379003 109.616884 392.966926 19.823393 1.404613
6.479356 12.924609 42.878678 4.276810 352.052306 5.321593 118.094534 196.950007 14.033888 0.994390
6.779356 13.108172 42.881860 5.262159 136.401728 31.161392 -67.267797 392.966926 19.823393 1.404613
6.679356 13.101256 43.106864 6.429889 143.208174 67.998696 -130.392625 312.144725 17.667618 1.251863
6.679356 13.286773 43.064770 3.078899 170.270704 68.820163 -51.707274 312.144725 17.667618 1.251863
6.859356 13.295478 42.749727 1.000000 301.823596 39.369859 -104.861008 472.450160 21.735919 1.540128
6.799356 12.737785 42.965185 4.883901 162.970587 50.423340 56.252342 411.486887 20.285140 1.437331
6.639356 13.235687 42.703795 6.860615 172.628001 28.343034 -115.507029 284.679373 16.872444 1.195520
6.579356 12.987256 42.834773 2.777577 167.128398 67.773106 -59.641966 247.945368 15.746281 1.115724
6.899356 12.795831 43.056364 1.000000 169.538187 45.595513 -132.123610 518.031299 22.760301 1.612712
6.879356 13.411862 42.976526 1.000000 173.120713 46.661282 -61.076368 494.716050 22.242213 1.576002
6.679356 12.863428 42.877552 1.000000 10.317665 57.214283 -156.980263 312.144725 17.667618 1.251863
6.819356 13.351769 42.930652 2.207315 209.778631 38.480973 154.844138 430.879667 20.757641 1.470811
6.679356 13.297940 42.659711 1.429889 155.574954 9.634626 -78.851580 312.144725 17.667618 1.251863
6.899356 13.051226 42.745830 1.000000 159.175654 35.405363 -86.633054 518.031299 22.760301 1.612712
6.839356 13.052635 42.700828 1.000000 92.115326 31.544891 -91.213710 451.186400 21.241149 1.505070
6.699356 12.979909 43.059763 1.744868 112.265216 55.518654 0.475337 326.855653 18.079150 1.281022
6.519356 13.172023 42.792848 1.235527 318.630089 55.483150 -75.523342 215.951388 14.695285 1.041254
6.799356 12.858752 43.012536 1.000000 297.784680 39.178509 -53.269365 411.486887 20.285140 1.437331
6.919356 12.807026 42.741412 1.000000 160.575888 15.287462 -48.481926 542.445362 23.290456 1.650277
6.859356 13.108172 42.881860 7.434748 153.994233 66.731952 112.061358 472.450160 21.735919 1.540128
6.639356 12.869611 42.697569 3.220899 58.597723 72.212418 -98.864402 284.679373 16.872444 1.195520
6.699356 13.361285 42.570581 6.206973 139.112613 70.066500 -50.064443 326.855653 18.079150 1.281022
6.839356 13.109546 42.836858 8.490120 161.689954 14.857072 89.218170 451.186400 21.241149 1.505070
6.759356 12.745985 42.740227 2.192099 139.599714 58.547220 -110.688518 375.280501 19.372158 1.372640
6.679356 13.110917 42.791856 4.753554 276.377935 24.779567 -109.167215 312.144725 17.667618 1.251863
6.659356 13.230564 42.883818 1.000000 149.480745 5.964013 -101.240230 298.095898 17.265454 1.223367
6.959356 13.285518 43.109774 1.000000 17.948484 45.253487 28.196319 594.779512 24.388102 1.728052
6.839356 12.929119 42.743686 6.848217 161.037806 62.793964 109.167017 451.186400 21.241149 1.505070
6.879356 12.987256 42.834773 7.841645 355.554125 69.229484 -97.895325 494.716050 22.242213 1.576002
6.699356 13.113649 42.701850 6.206973 221.485531 32.119263 -108.270343 326.855653 18.079150 1.281022
6.459356 13.046981 42.880832 8.571229 285.216447 78.556242 -110.367073 188.085796 13.714438 0.971755
6.719356 13.233131 42.793807 1.608114 145.419909 54.343902 -84.002188 342.259885 18.500267 1.310861
6.699356 13.102645 43.061864 1.000000 336.563693 38.909785 -61.691017 326.855653 18.079150 1.281022
6.759356 13.235687 42.703795 1.000000 346.133516 13.227225 -96.244567 375.280501 19.372158 1.372640
6.599356 12.987256 42.834773 7.271955 255.937168 55.355379 120.482157 259.630674 16.113059 1.141712
6.759356 12.985793 42.879772 3.127917 171.086665 57.936036 -45.226296 375.280501 19.372158 1.372640
6.659356 13.222791 43.153840 1.000000 267.504667 43.714197 -90.748788 298.095898 17.265454 1.223367
6.419356 12.985793 42.879772 1.369445 293.769998 31.689782 -91.789798 171.536285 13.097186 0.928019
6.919356 13.052635 42.700828 6.609351 6.723539 57.203944 90.434019 542.445362 23.290456 1.650277
6.839356 12.982858 42.969768 4.266888 107.699486 79.593330 73.536869 451.186400 21.241149 1.505070
6.719356 12.860314 42.967542 8.728393 140.292521 49.581799 111.653334 342.259885 18.500267 1.310861
6.459356 13.106795 42.926862 6.151214 50.321949 55.476603 -100.929656 188.085796 13.714438 0.971755
6.959356 12.993073 42.654774 1.000000 331.633166 47.800975 -59.979601 594.779512 24.388102 1.728052
6.859356 13.539776 42.753103 1.000000 48.411326 81.383627 161.681775 472.450160 21.735919 1.540128
6.659356 13.473160 42.977360 6.647731 157.396573 36.505681 -82.353585 298.095898 17.265454 1.223367
6.779356 13.226691 43.018830 3.195710 245.485576 67.322241 -155.642052 392.966926 19.823393 1.404613
6.599356 13.042707 43.015831 2.271955 169.520417 49.468199 -121.662557 259.630674 16.113059 1.141712
6.659356 12.982858 42.969768 2.012502 108.938655 58.100742 -87.264594 298.095898 17.265454 1.223367
6.819356 12.982858 42.969768 5.031918 138.486609 50.777273 119.925294 430.879667 20.757641 1.470811
6.799356 13.168034 42.927858 2.533809 350.405335 60.806400 -98.611509 411.486887 20.285140 1.437331
6.899356 13.289275 42.974759 2.953018 139.598648 9.652685 114.298165 518.031299 22.760301 1.612712
6.599356 13.290521 42.929753 2.271955 156.755225 54.537977 -132.859455 259.630674 16.113059 1.141712
6.819356 13.230564 42.883818 7.154366 89.819038 66.823319 123.329733 430.879667 20.757641 1.470811
6.599356 13.413019 42.931518 10.303173 179.690142 51.205431 50.319784 259.630674 16.113059 1.141712
6.619356 13.108172 42.881860 5.170477 157.380615 8.141862 61.459907 271.866690 16.488380 1.168306
6.459356 13.169367 42.882855 3.571229 222.111827 5.660836 -133.702477 188.085796 13.714438 0.971755
6.599356 13.109546 42.836858 5.303173 169.365489 52.993190 100.686220 259.630674 16.113059 1.141712
6.899356 13.350567 42.975659 4.329234 154.663388 44.980192 46.945133 518.031299 22.760301 1.612712
6.519356 13.416475 42.796490 10.804432 147.367646 10.908822 67.440626 215.951388 14.695285 1.041254
6.779356 12.800651 42.921387 1.000000 314.120665 24.898497 -73.452744 392.966926 19.823393 1.404613
6.839356 13.350567 42.975659 7.288072 174.303008 66.729990 72.384438 451.186400 21.241149 1.505070
6.679356 13.235687 42.703795 1.429889 151.559884 26.269283 -51.319032 312.144725 17.667618 1.251863
6.739356 13.231849 42.838813 1.000000 136.245294 23.128577 -61.181044 358.390096 18.931194 1.341395
6.679356 13.293005 42.839741 1.000000 258.046413 44.869756 73.912399 312.144725 17.667618 1.251863
6.839356 13.044135 42.970832 1.000000 282.473138 48.175471 -121.533911 451.186400 21.241149 1.505070
6.759356 13.106795 42.926862 3.127917 162.206496 45.470556 -81.557685 375.280501 19.372158 1.372640
6.879356 13.474273 42.932351 4.602436 334.378779 84.323379 26.954005 494.716050 22.242213 1.576002
6.719356 13.161325 43.152868 8.728393 311.881793 0.957879 -93.645961 342.259885 18.500267 1.310861
6.639356 12.863428 42.877552 5.911941 298.305998 35.828213 -138.606125 284.679373 16.872444 1.195520
6.859356 12.976947 43.149756 8.138134 177.763571 74.672682 76.933464 472.450160 21.735919 1.540128
6.979356 13.173346 42.747843 1.000000 358.497402 11.115357 -127.042765 622.810606 24.956174 1.768303
6.479356 13.350567 42.975659 1.038271 146.186967 19.361826 71.240322 196.950007 14.033888 0.994390
6.719356 13.422182 42.571436 1.000000 91.725298 54.070336 20.075687 342.259885 18.500267 1.310861
6.639356 12.926116 42.833681 6.152505 154.734789 68.728593 62.824720 284.679373 16.872444 1.195520
6.659356 13.476490 42.842330 1.000000 19.533556 68.103288 127.785770 298.095898 17.265454 1.223367
6.879356 13.231849 42.838813 1.000000 204.692993 44.728794 -67.102580 494.716050 22.242213 1.576002
6.659356 13.109546 42.836858 6.572974 143.443137 73.034850 78.844421 298.095898 17.265454 1.223367
6.759356 13.476490 42.842330 1.000000 162.221824 54.284862 -89.193644 375.280501 19.372158 1.372640
6.619356 13.537657 42.843128 10.170477 154.434840 45.460746 68.284476 271.866690 16.488380 1.168306
6.619356 12.930616 42.698688 2.068653 203.457405 41.290250 9.622354 271.866690 16.488380 1.168306
6.679356 13.042707 43.015831 1.642327 169.162436 33.464169 -90.320540 312.144725 17.667618 1.251863
6.479356 13.104032 43.016864 1.038271 74.721655 28.697644 -135.181702 196.950007 14.033888 0.994390
6.539356 13.105415 42.971863 5.683412 153.824150 35.307512 80.226466 226.128863 15.037582 1.065508
6.799356 13.290521 42.929753 6.979398 135.700723 66.471853 107.317183 411.486887 20.285140 1.437331
6.619356 13.357737 42.705610 5.170477 141.408101 47.426864 97.626066 271.866690 16.488380 1.168306
6.479356 12.985793 42.879772 11.038271 122.623005 26.281023 71.138811 196.950007 14.033888 0.994390
6.619356 13.168034 42.927858 2.068653 16.311255 15.696838 -96.310449 271.866690 16.488380 1.168306
6.699356 13.049814 42.790831 9.608055 227.303749 40.750021 -70.784310 326.855653 18.079150 1.281022
6.519356 12.807026 42.741412 1.235527 277.165896 57.478450 -103.368162 215.951388 14.695285 1.041254
6.919356 13.226691 43.018830 3.145768 288.996270 63.680692 120.606113 542.445362 23.290456 1.650277
6.699356 13.164018 43.062865 1.978312 150.432670 57.412653 -61.349549 326.855653 18.079150 1.281022
6.719356 13.229276 42.928822 1.000000 175.888072 17.487061 119.102201 342.259885 18.500267 1.310861
6.779356 13.290521 42.929753 8.991372 144.190884 53.741305 49.447626 392.966926 19.823393 1.404613
6.679356 13.538717 42.798115 4.753554 162.188969 23.907689 46.528362 312.144725 17.667618 1.251863
6.739356 12.744352 42.785219 4.306812 149.049731 8.942944 112.904498 358.390096 18.931194 1.341395
6.599356 13.227985 42.973827 3.611809 200.182873 46.822186 -59.555215 259.630674 16.113059 1.141712
6.759356 13.112285 42.746853 3.127917 331.561394 25.579113 -97.462174 375.280501 19.372158 1.372640
6.639356 13.289275 42.974759 1.860615 167.669422 55.559420 -104.289667 284.679373 16.872444 1.195520
6.539356 13.356549 42.750620 1.000000 358.833607 28.431214 -48.033301 226.128863 15.037582 1.065508
6.759356 13.051226 42.745830 1.000000 1.417170 67.333216 25.178470 375.280501 19.372158 1.372640
6.799356 13.407207 43.156556 1.912955 45.859572 34.308476 14.997928 411.486887 20.285140 1.437331
6.579356 13.106795 42.926862 1.000000 301.929573 35.206267 -75.759803 247.945368 15.746281 1.115724
6.559356 13.048400 42.835832 10.559573 152.215463 55.429942 45.204786 236.785988 15.387852 1.090327
6.999356 12.864979 42.832557 1.000000 130.630783 16.429826 -78.735897 652.162766 25.537478 1.809492
6.699356 12.920067 43.013667 9.608055 173.519928 15.943367 85.536425 326.855653 18.079150 1.281022
6.499356 13.407207 43.156556 4.236671 273.657781 22.123539 -107.961498 206.231975 14.360779 1.017552
6.779356 12.987256 42.834773 6.126102 154.610246 59.962660 58.159396 392.966926 19.823393 1.404613
6.699356 13.296710 42.704719 4.608055 176.471313 21.306726 79.216592 326.855653 18.079150 1.281022
6.859356 13.294243 42.794734 5.841239 145.458724 54.586142 51.119704 472.450160 21.735919 1.540128
6.619356 13.230564 42.883818 1.115653 136.001394 30.658476 72.430868 271.866690 16.488380 1.168306
6.639356 13.291765 42.884747 5.034690 158.610110 47.917891 114.970495 284.679373 16.872444 1.195520
6.839356 13.105415 42.971863 4.494196 18.218784 62.493929 119.195601 451.186400 21.241149 1.505070
6.659356 13.233131 42.793807 1.000000 182.445909 0.341571 29.566109 298.095898 17.265454 1.223367
6.679356 13.172023 42.792848 1.300194 175.400940 74.519599 -73.136019 312.144725 17.667618 1.251863
6.519356 13.537657 42.843128 1.235527 189.239193 72.652037 26.397708 215.951388 14.695285 1.041254
6.799356 12.987256 42.834773 6.964995 159.773811 66.328145 122.007476 411.486887 20.285140 1.437331
6.699356 12.864979 42.832557 1.000000 117.832455 10.938669 -133.500323 326.855653 18.079150 1.281022
6.519356 12.982858 42.969768 1.000000 324.342701 41.185179 -120.842667 215.951388 14.695285 1.041254
6.499356 12.741076 42.875203 5.922698 144.773168 54.129352 48.433731 206.231975 14.360779 1.017552
6.719356 12.745985 42.740227 5.978864 247.961983 9.823290 -126.555625 342.259885 18.500267 1.310861
6.799356 13.056841 42.565821 3.828120 141.969642 36.398210 122.559455 411.486887 20.285140 1.437331
6.919356 13.354164 42.840637 1.000000 170.662101 61.621216 16.977285 542.445362 23.290456 1.650277
6.759356 13.109546 42.836858 1.000000 143.565300 8.010259 -46.715201 375.280501 19.372158 1.372640
6.639356 13.046981 42.880832 5.034690 176.869065 49.816535 97.124513 284.679373 16.872444 1.195520
6.899356 13.099863 43.151864 8.444925 196.401399 74.278715 -70.744774 518.031299 22.760301 1.612712
6.819356 13.168034 42.927858 1.000000 144.795028 50.343193 34.833367 430.879667 20.757641 1.470811
6.739356 13.165360 43.017863 1.000000 356.276560 29.826719 -93.232202 358.390096 18.931194 1.341395
6.679356 12.982858 42.969768 4.753554 177.219640 6.439486 56.717916 312.144725 17.667618 1.251863
6.659356 12.924609 42.878678 1.000000 177.694038 8.425597 77.733795 298.095898 17.265454 1.223367
6.819356 12.988715 42.789774 3.451215 124.327432 11.021353 55.119716 430.879667 20.757641 1.470811
6.599356 13.474273 42.932351 1.000000 323.196826 28.127033 -99.397787 259.630674 16.113059 1.141712
6.819356 12.930616 42.698688 4.756100 153.423225 57.900333 -100.543512 430.879667 20.757641 1.470811
6.779356 12.920067 43.013667 8.991372 215.404491 25.320492 -149.818879 392.966926 19.823393 1.404613
6.839356 13.231849 42.838813 1.876248 284.333888 86.405064 -102.324822 451.186400 21.241149 1.505070
6.499356 13.417622 42.751480 3.438495 167.581887 47.743080 99.958222 206.231975 14.360779 1.017552
6.759356 12.987256 42.834773 1.000000 136.241657 44.221972 -128.899864 375.280501 19.372158 1.372640
6.819356 13.233131 42.793807 1.000000 39.464320 82.329833 37.728634 430.879667 20.757641 1.470811
6.719356 12.918546 43.058662 9.459168 135.090230 48.610336 74.464710 342.259885 18.500267 1.310861
6.779356 13.410702 43.021534 4.146663 351.127544 82.108320 75.533583 392.966926 19.823393 1.404613
6.479356 13.410702 43.021534 1.675000 168.985721 55.417474 -119.794456 196.950007 14.033888 0.994390
6.799356 13.175984 42.657833 5.012043 166.151144 16.952468 -86.506939 411.486887 20.285140 1.437331
6.739356 13.055442 42.610824 8.942652 308.032893 50.084065 90.619615 358.390096 18.931194 1.341395
6.479356 13.108172 42.881860 6.038271 136.913893 58.062676 62.069048 196.950007 14.033888 0.994390
6.679356 12.927619 42.788684 9.753554 161.301554 12.912786 127.259914 312.144725 17.667618 1.251863
6.739356 13.291765 42.884747 1.000000 243.806596 45.705530 -76.537826 358.390096 18.931194 1.341395
6.739356 13.350567 42.975659 4.306812 142.785349 3.487792 105.393334 358.390096 18.931194 1.341395
6.579356 13.297940 42.659711 10.432849 152.334068 13.453573 68.456155 247.945368 15.746281 1.115724
6.579356 13.042707 43.015831 5.432849 136.861534 6.621276 122.961834 247.945368 15.746281 1.115724
6.919356 13.166699 42.972861 7.765580 128.504890 1.442454 83.172982 542.445362 23.290456 1.650277
6.779356 13.051226 42.745830 1.000000 271.822424 32.255896 44.033534 392.966926 19.823393 1.404613
6.639356 13.296710 42.704719 10.034690 152.106560 32.663123 127.918042 284.679373 16.872444 1.195520
6.799356 13.415326 42.841500 1.000000 29.363480 6.272220 82.645143 411.486887 20.285140 1.437331
6.639356 13.108172 42.881860 1.000000 153.412519 52.554827 161.590208 284.679373 16.872444 1.195520
6.919356 13.175984 42.657833 3.088932 163.386530 63.238165 -133.456414 542.445362 23.290456 1.650277
6.639356 13.231849 42.838813 3.928270 12.644509 2.413265 -140.794713 284.679373 16.872444 1.195520
6.439356 13.417622 42.751480 6.261586 151.054831 23.272453 72.528692 179.620541 13.402259 0.949635
6.779356 13.166699 42.972861 7.388720 153.140696 72.896559 95.782186 392.966926 19.823393 1.404613
6.699356 13.102645 43.061864 1.000000 131.476612 55.640869 -104.051363 326.855653 18.079150 1.281022
6.859356 13.106795 42.926862 1.000000 316.948715 34.303431 -81.770096 472.450160 21.735919 1.540128
6.739356 13.227985 42.973827 1.000000 155.450686 45.187251 -110.281070 358.390096 18.931194 1.341395
6.739356 13.172023 42.792848 5.016430 355.286265 53.133791 102.466342 358.390096 18.931194 1.341395
6.919356 12.860314 42.967542 2.765580 281.948533 20.877276 -64.185115 542.445362 23.290456 1.650277
6.699356 12.924609 42.878678 1.000000 81.767993 65.729529 -179.422509 326.855653 18.079150 1.281022
6.619356 13.170696 42.837852 2.068653 304.335657 40.277498 53.562012 271.866690 16.488380 1.168306
6.539356 13.233131 42.793807 5.683412 2.432074 12.104065 63.321186 226.128863 15.037582 1.065508
6.819356 12.995961 42.564772 3.715747 139.568377 43.237437 48.842402 430.879667 20.757641 1.470811
6.919356 12.869611 42.697569 1.000000 176.231994 26.417693 -106.789800 542.445362 23.290456 1.650277
6.759356 13.169367 42.882855 4.947955 101.615192 52.018553 133.379443 375.280501 19.372158 1.372640
6.619356 12.866527 42.787562 2.068653 153.597792 32.101010 -127.585717 271.866690 16.488380 1.168306
6.439356 13.042707 43.015831 1.000000 138.473157 23.302628 114.436933 179.620541 13.402259 0.949635
6.659356 13.414174 42.886509 1.000000 158.889275 46.032473 -62.499829 298.095898 17.265454 1.223367
6.859356 12.924609 42.878678 7.493300 157.011533 67.290847 130.754234 472.450160 21.735919 1.540128
6.739356 13.039841 43.105828 4.528026 203.086362 49.778476 -67.143148 358.390096 18.931194 1.341395
6.619356 13.234411 42.748801 1.536258 154.269130 54.295675 -81.078363 271.866690 16.488380 1.168306
6.859356 13.165360 43.017863 4.226191 349.269593 26.732206 174.202572 472.450160 21.735919 1.540128
6.619356 12.799048 42.966380 5.170477 152.304022 28.313970 45.724566 271.866690 16.488380 1.168306
6.559356 13.229276 42.928822 5.775341 322.730327 62.366417 -53.170053 236.785988 15.387852 1.090327
6.759356 13.105415 42.971863 4.150908 331.222650 10.674191 51.103354 375.280501 19.372158 1.372640
6.579356 13.046981 42.880832 10.432849 167.552351 9.737906 50.693013 247.945368 15.746281 1.115724
6.679356 12.871149 42.652572 6.429889 216.882409 15.021206 -67.063438 312.144725 17.667618 1.251863
6.719356 13.299166 42.614703 1.000000 170.146178 1.409686 119.849978 342.259885 18.500267 1.310861
6.839356 13.291765 42.884747 1.000000 273.194000 34.270194 -57.130689 451.186400 21.241149 1.505070
6.799356 13.170696 42.837852 3.828120 165.514020 21.808276 117.903354 411.486887 20.285140 1.437331
6.499356 12.990171 42.744774 1.000000 138.969955 7.837888 68.527419 206.231975 14.360779 1.017552
6.619356 13.294243 42.794734 1.000000 172.507351 6.359749 -126.622714 271.866690 16.488380 1.168306
6.539356 12.985793 42.879772 1.000000 353.247095 20.478523 4.515238 226.128863 15.037582 1.065508
6.819356 13.530164 43.158202 8.661066 138.139409 27.402367 -123.315818 430.879667 20.757641 1.470811
6.639356 13.356549 42.750620 5.616939 177.363559 62.496463 110.243727 284.679373 16.872444 1.195520
6.939356 13.168034 42.927858 1.000000 177.393518 32.362156 -109.757391 568.010024 23.832961 1.688716
6.539356 13.169367 42.882855 3.844202 146.524163 50.128466 93.777483 226.128863 15.037582 1.065508
6.759356 13.421046 42.616448 6.384206 42.374110 63.260302 -164.201746 375.280501 19.372158 1.372640
6.599356 13.286773 43.064770 10.303173 156.280883 17.002077 129.889500 259.630674 16.113059 1.141712
6.559356 12.871149 42.652572 2.664782 176.055519 43.520543 -148.987389 236.785988 15.387852 1.090327
6.639356 13.294243 42.794734 5.034690 172.119378 41.588035 77.378778 284.679373 16.872444 1.195520
6.639356 13.351769 42.930652 5.746631 148.617675 63.877249 68.056708 284.679373 16.872444 1.195520
6.779356 12.993073 42.654774 4.208226 149.258169 84.223069 -118.830678 392.966926 19.823393 1.404613
6.479356 12.987256 42.834773 3.398191 164.829985 35.390121 -55.392125 196.950007 14.033888 0.994390
6.999356 13.227985 42.973827 1.941976 178.428658 82.683290 -68.007916 652.162766 25.537478 1.809492
6.839356 13.054040 42.655826 1.000000 350.207831 27.215631 -83.798981 451.186400 21.241149 1.505070
6.619356 13.413019 42.931518 10.170477 137.919843 7.523477 102.653879 271.866690 16.488380 1.168306
6.899356 13.293005 42.839741 1.101546 187.054749 71.085290 178.429700 518.031299 22.760301 1.612712
6.459356 12.991624 42.699774 1.151214 149.338084 8.241967 114.991592 188.085796 13.714438 0.971755
6.979356 13.355358 42.795628 8.146810 169.105410 64.822552 71.178217 622.810606 24.956174 1.768303
6.799356 12.994519 42.609773 5.012043 179.136631 25.708783 -95.098033 411.486887 20.285140 1.437331
6.779356 13.352968 42.885644 1.000000 101.402189 71.828045 33.150258 392.966926 19.823393 1.404613
6.679356 13.106795 42.926862 3.109814 135.896712 69.216122 -82.937468 312.144725 17.667618 1.251863
6.579356 13.474273 42.932351 3.536962 293.093070 46.706540 -80.396003 247.945368 15.746281 1.115724
6.679356 12.860314 42.967542 4.260521 140.432805 64.136139 -56.282985 312.144725 17.667618 1.251863
6.839356 13.041276 43.060830 8.490120 135.173121 23.735551 120.602488 451.186400 21.241149 1.505070
6.619356 13.290521 42.929753 5.566797 174.327923 63.087100 95.320973 271.866690 16.488380 1.168306
6.899356 12.987256 42.834773 1.000000 103.159647 18.576628 -101.259518 518.031299 22.760301 1.612712
6.939356 12.799048 42.966380 8.013880 143.686776 66.375799 105.677138 568.010024 23.832961 1.688716
6.599356 13.531242 43.113193 1.000000 259.543546 19.393714 88.849913 259.630674 16.113059 1.141712
6.879356 13.113649 42.701850 7.730610 268.867390 68.117235 -151.104401 494.716050 22.242213 1.576002
6.559356 13.291765 42.884747 1.000000 191.695223 26.540761 -116.490540 236.785988 15.387852 1.090327
6.599356 12.924609 42.878678 5.303173 99.446711 9.547669 112.790581 259.630674 16.113059 1.141712
6.799356 13.414174 42.886509 1.000000 156.363323 29.724467 -104.589391 411.486887 20.285140 1.437331
6.839356 13.112285 42.746853 5.944315 152.430782 56.015352 69.374730 451.186400 21.241149 1.505070
6.699356 13.116368 42.611842 1.553609 41.259123 79.419470 33.441655 326.855653 18.079150 1.281022
6.619356 13.229276 42.928822 1.000000 145.182939 44.132182 -116.591342 271.866690 16.488380 1.168306
6.639356 13.410702 43.021534 3.368850 148.313162 74.708503 -76.716945 284.679373 16.872444 1.195520
6.619356 12.982858 42.969768 7.068653 299.980619 33.750818 -77.048934 271.866690 16.488380 1.168306
6.779356 13.355358 42.795628 6.564000 220.482853 63.758623 26.810426 392.966926 19.823393 1.404613
6.939356 13.415326 42.841500 1.000000 135.670286 49.355330 -60.083335 568.010024 23.832961 1.688716
6.799356 13.166699 42.972861 4.250859 134.935796 83.064955 102.299711 411.486887 20.285140 1.437331
6.659356 13.099863 43.151864 2.288152 141.137585 60.640076 -46.350175 298.095898 17.265454 1.223367
6.739356 13.357737 42.705610 2.280691 146.401120 36.560499 50.446570 358.390096 18.931194 1.341395
6.779356 13.293005 42.839741 1.000000 175.426653 22.581189 51.401166 392.966926 19.823393 1.404613
6.899356 13.418766 42.706469 1.000000 109.610755 25.877524 -80.093354 518.031299 22.760301 1.612712
6.939356 13.361285 42.570581 1.000000 167.986046 9.182679 131.164863 568.010024 23.832961 1.688716
6.499356 13.173346 42.747843 6.457793 347.087124 83.466000 30.592379 206.231975 14.360779 1.017552
6.759356 13.170696 42.837852 4.150908 146.949914 27.128176 116.627511 375.280501 19.372158 1.372640
6.659356 12.861873 42.922547 6.249811 145.705265 68.436699 52.646669 298.095898 17.265454 1.223367
6.979356 13.051226 42.745830 1.000000 86.256917 42.630830 127.840095 622.810606 24.956174 1.768303
6.599356 13.174666 42.702839 1.000000 136.478417 1.926513 70.049125 259.630674 16.113059 1.141712
6.759356 12.861873 42.922547 9.150908 150.872301 52.875572 125.230953 375.280501 19.372158 1.372640
6.859356 13.410702 43.021534 1.000000 120.730539 69.729991 -74.194840 472.450160 21.735919 1.540128
6.899356 13.106795 42.926862 3.670346 322.453394 68.743485 -64.090864 518.031299 22.760301 1.612712
6.639356 13.173346 42.747843 1.000000 329.353237 22.250199 -120.429792 284.679373 16.872444 1.195520
6.619356 13.048400 42.835832 5.802296 138.411900 65.768469 86.197687 271.866690 16.488380 1.168306
6.799356 12.991624 42.699774 3.828120 144.838369 34.226330 94.803943 411.486887 20.285140 1.437331
6.819356 13.170696 42.837852 4.415510 156.725029 87.126200 -62.249727 430.879667 20.757641 1.470811
6.599356 12.737785 42.965185 1.000000 20.951822 76.762963 7.970166 259.630674 16.113059 1.141712
6.899356 13.355358 42.795628 1.000000 219.977479 7.239308 75.023303 518.031299 22.760301 1.612712
6.799356 12.805438 42.786407 7.052486 167.240401 67.214249 51.505813 411.486887 20.285140 1.437331
6.659356 13.356549 42.750620 1.647731 344.265882 31.112507 128.959555 298.095898 17.265454 1.223367
6.879356 13.291765 42.884747 4.870647 309.323059 48.254105 -110.293293 494.716050 22.242213 1.576002
6.599356 13.168034 42.927858 1.834139 172.029076 57.061561 -59.950389 259.630674 16.113059 1.141712
6.639356 13.170696 42.837852 1.000000 166.365978 7.355469 56.297862 284.679373 16.872444 1.195520
6.579356 12.807026 42.741412 2.628372 146.889260 65.824126 -69.522810 247.945368 15.746281 1.115724
6.859356 13.162673 43.107867 3.730890 164.091485 42.662698 97.946922 472.450160 21.735919 1.540128
6.799356 13.357737 42.705610 8.828120 138.033264 10.059771 121.848919 411.486887 20.285140 1.437331
6.799356 13.106795 42.926862 8.828120 136.848409 65.215949 56.533170 411.486887 20.285140 1.437331
6.459356 13.355358 42.795628 6.151214 167.894337 24.704911 71.515914 188.085796 13.714438 0.971755
6.899356 13.172023 42.792848 8.080510 159.609192 70.042855 48.402660 518.031299 22.760301 1.612712
6.699356 13.169367 42.882855 9.608055 146.620054 16.598932 79.229857 326.855653 18.079150 1.281022
6.519356 13.230564 42.883818 1.235527 15.185686 34.331710 1.117171 215.951388 14.695285 1.041254
6.659356 13.238231 42.613781 1.000000 177.622748 39.033505 -84.654808 298.095898 17.265454 1.223367
6.959356 13.165360 43.017863 7.863392 144.826579 63.895541 65.175240 594.779512 24.388102 1.728052
6.599356 13.169367 42.882855 1.000000 116.003740 45.285618 15.886576 259.630674 16.113059 1.141712
6.599356 12.988715 42.789774 2.271955 293.658704 48.943157 -80.298609 259.630674 16.113059 1.141712
6.839356 12.988715 42.789774 1.000000 329.228140 37.999972 -62.822691 451.186400 21.241149 1.505070
6.479356 13.227985 42.973827 3.225663 164.946808 82.024485 -132.083029 196.950007 14.033888 0.994390
6.559356 13.285518 43.109774 3.498620 110.528364 84.671737 -116.383399 236.785988 15.387852 1.090327
6.719356 13.110917 42.791856 1.000000 114.671271 82.195788 4.374360 342.259885 18.500267 1.310861
6.819356 13.468684 43.157396 6.341086 179.573347 59.755863 -48.945819 430.879667 20.757641 1.470811
6.719356 12.990171 42.744774 6.666403 142.813616 68.932262 86.694649 342.259885 18.500267 1.310861
6.899356 13.410702 43.021534 1.000000 50.510878 57.707731 5.660569 518.031299 22.760301 1.612712
6.919356 13.101256 43.106864 2.284104 169.104391 57.566683 -131.828753 542.445362 23.290456 1.650277
6.979356 12.933599 42.608690 4.223469 174.563878 71.570185 -98.137453 622.810606 24.956174 1.768303
6.759356 13.108172 42.881860 9.150908 162.648882 33.365114 85.800383 375.280501 19.372158 1.372640
6.499356 13.289275 42.974759 2.644507 136.901422 41.448528 45.338990 206.231975 14.360779 1.017552
6.819356 13.291765 42.884747 7.276483 94.387773 68.066101 -53.437977 430.879667 20.757641 1.470811
6.559356 13.174666 42.702839 5.119146 177.166964 67.385073 157.593841 236.785988 15.387852 1.090327
6.619356 13.172023 42.792848 2.368451 189.322391 62.057327 -45.799110 271.866690 16.488380 1.168306
6.879356 13.041276 43.060830 7.623861 163.639660 67.096414 113.936338 494.716050 22.242213 1.576002
6.639356 13.285518 43.109774 2.541004 151.478828 63.535189 -112.889611 284.679373 16.872444 1.195520
6.899356 13.113649 42.701850 1.517966 142.121149 52.961250 -75.383755 518.031299 22.760301 1.612712
6.539356 13.049814 42.790831 1.000000 286.340720 9.172547 161.903334 226.128863 15.037582 1.065508
6.799356 13.042707 43.015831 3.828120 179.565322 14.565513 123.643886 411.486887 20.285140 1.437331
6.779356 13.350567 42.975659 4.663106 17.462894 49.581439 -80.184605 392.966926 19.823393 1.404613
6.599356 13.045560 42.925832 1.000000 141.380892 30.059589 -95.512179 259.630674 16.113059 1.141712
6.679356 12.988715 42.789774 2.329705 142.280816 37.332310 117.197201 312.144725 17.667618 1.251863
6.679356 13.044135 42.970832 3.409323 164.974612 73.516185 -74.985661 312.144725 17.667618 1.251863
6.819356 13.108172 42.881860 6.145194 139.246813 58.270551 79.573098 430.879667 20.757641 1.470811
6.919356 13.293005 42.839741 2.765580 159.065402 36.672891 48.860542 542.445362 23.290456 1.650277
6.699356 13.286773 43.064770 4.608055 164.720011 33.291483 72.706794 326.855653 18.079150 1.281022
6.699356 13.299166 42.614703 2.886882 79.905455 66.013724 -104.024516 326.855653 18.079150 1.281022
6.979356 13.290521 42.929753 1.000000 85.048774 31.172428 170.637882 622.810606 24.956174 1.768303
6.899356 13.225394 43.063834 7.953018 132.095016 47.269531 107.326094 518.031299 22.760301 1.612712
6.619356 13.045560 42.925832 10.170477 149.784111 53.896653 92.282474 271.866690 16.488380 1.168306
6.699356 13.417622 42.751480 1.000000 151.471106 0.004932 67.098458 326.855653 18.079150 1.281022
6.639356 12.987256 42.834773 5.034690 142.902131 31.718167 81.550607 284.679373 16.872444 1.195520
6.719356 12.923098 42.923675 1.531688 91.310695 78.618921 -134.940051 342.259885 18.500267 1.310861
6.639356 12.985793 42.879772 6.860615 180.678157 84.415484 87.027324 284.679373 16.872444 1.195520
6.559356 13.165360 43.017863 5.328819 170.700748 63.875341 122.926538 236.785988 15.387852 1.090327
6.579356 13.357737 42.705610 4.066549 203.433065 3.764671 3.454126 247.945368 15.746281 1.115724
6.739356 13.413019 42.931518 1.000000 176.361859 42.935598 -118.365186 358.390096 18.931194 1.341395
6.599356 13.233131 42.793807 1.000000 359.437802 13.840023 -91.042413 259.630674 16.113059 1.141712
6.639356 13.169367 42.882855 6.228034 149.897410 69.751944 89.717536 284.679373 16.872444 1.195520
6.579356 13.049814 42.790831 1.000000 351.062477 35.082149 -102.652496 247.945368 15.746281 1.115724
6.579356 13.226691 43.018830 10.432849 333.271831 47.789885 -121.776643 247.945368 15.746281 1.115724
6.619356 13.110917 42.791856 6.259228 148.572669 72.005399 89.576097 271.866690 16.488380 1.168306
6.619356 13.288025 43.019765 1.000000 308.806133 39.092183 132.967361 271.866690 16.488380 1.168306
6.559356 13.410702 43.021534 10.559573 239.374054 56.445947 55.783601 236.785988 15.387852 1.090327
6.679356 13.168034 42.927858 9.753554 153.791474 24.300643 124.111731 312.144725 17.667618 1.251863
6.739356 13.170696 42.837852 9.306812 150.509170 55.015004 67.243925 358.390096 18.931194 1.341395
6.779356 12.858752 43.012536 5.262159 201.638441 60.598587 68.143244 392.966926 19.823393 1.404613
6.759356 13.234411 42.748801 9.150908 172.713388 70.204199 -58.747427 375.280501 19.372158 1.372640
6.759356 13.230564 42.883818 1.000000 145.543601 18.593684 80.653107 375.280501 19.372158 1.372640
6.779356 13.172023 42.792848 1.000000 336.132644 55.252394 -133.045560 392.966926 19.823393 1.404613
