41.484600 11.177800
41.584600 11.177800
41.684600 11.177800
41.784600 11.177800
41.884600 11.177800
41.984600 11.177800
42.084600 11.177800
42.184600 11.177800
42.284600 11.177800
42.384600 11.177800
42.484600 11.177800
42.584600 11.177800
42.684600 11.177800
42.784600 11.177800
42.884600 11.177800
42.984600 11.177800
43.084600 11.177800
43.184600 11.177800
43.284600 11.177800
43.384600 11.177800
43.484600 11.177800
43.584600 11.177800
43.684600 11.177800
43.784600 11.177800
43.884600 11.177800
43.984600 11.177800
44.084600 11.177800
41.484600 11.277800
41.584600 11.277800
41.684600 11.277800
41.784600 11.277800
41.884600 11.277800
41.984600 11.277800
42.084600 11.277800
42.184600 11.277800
42.284600 11.277800
42.384600 11.277800
42.484600 11.277800
42.584600 11.277800
42.684600 11.277800
42.784600 11.277800
42.884600 11.277800
42.984600 11.277800
43.084600 11.277800
43.184600 11.277800
43.284600 11.277800
43.384600 11.277800
43.484600 11.277800
43.584600 11.277800
43.684600 11.277800
43.784600 11.277800
43.884600 11.277800
43.984600 11.277800
44.084600 11.277800
41.484600 11.377800
41.584600 11.377800
41.684600 11.377800
41.784600 11.377800
41.884600 11.377800
41.984600 11.377800
42.084600 11.377800
42.184600 11.377800
42.284600 11.377800
42.384600 11.377800
42.484600 11.377800
42.584600 11.377800
42.684600 11.377800
42.784600 11.377800
42.884600 11.377800
42.984600 11.377800
43.084600 11.377800
43.184600 11.377800
43.284600 11.377800
43.384600 11.377800
43.484600 11.377800
43.584600 11.377800
43.684600 11.377800
43.784600 11.377800
43.884600 11.377800
43.984600 11.377800
44.084600 11.377800
41.484600 11.477800
41.584600 11.477800
41.684600 11.477800
41.784600 11.477800
41.884600 11.477800
41.984600 11.477800
42.084600 11.477800
42.184600 11.477800
42.284600 11.477800
42.384600 11.477800
42.484600 11.477800
42.584600 11.477800
42.684600 11.477800
42.784600 11.477800
42.884600 11.477800
42.984600 11.477800
43.084600 11.477800
43.184600 11.477800
43.284600 11.477800
43.384600 11.477800
43.484600 11.477800
43.584600 11.477800
43.684600 11.477800
43.784600 11.477800
43.884600 11.477800
43.984600 11.477800
44.084600 11.477800
41.484600 11.577800
41.584600 11.577800
41.684600 11.577800
41.784600 11.577800
41.884600 11.577800
41.984600 11.577800
42.084600 11.577800
42.184600 11.577800
42.284600 11.577800
42.384600 11.577800
42.484600 11.577800
42.584600 11.577800
42.684600 11.577800
42.784600 11.577800
42.884600 11.577800
42.984600 11.577800
43.084600 11.577800
43.184600 11.577800
43.284600 11.577800
43.384600 11.577800
43.484600 11.577800
43.584600 11.577800
43.684600 11.577800
43.784600 11.577800
43.884600 11.577800
43.984600 11.577800
44.084600 11.577800
41.484600 11.677800
41.584600 11.677800
41.684600 11.677800
41.784600 11.677800
41.884600 11.677800
41.984600 11.677800
42.084600 11.677800
42.184600 11.677800
42.284600 11.677800
42.384600 11.677800
42.484600 11.677800
42.584600 11.677800
42.684600 11.677800
42.784600 11.677800
42.884600 11.677800
42.984600 11.677800
43.084600 11.677800
43.184600 11.677800
43.284600 11.677800
43.384600 11.677800
43.484600 11.677800
43.584600 11.677800
43.684600 11.677800
43.784600 11.677800
43.884600 11.677800
43.984600 11.677800
44.084600 11.677800
41.484600 11.777800
41.584600 11.777800
41.684600 11.777800
41.784600 11.777800
41.884600 11.777800
41.984600 11.777800
42.084600 11.777800
42.184600 11.777800
42.284600 11.777800
42.384600 11.777800
42.484600 11.777800
42.584600 11.777800
42.684600 11.777800
42.784600 11.777800
42.884600 11.777800
42.984600 11.777800
43.084600 11.777800
43.184600 11.777800
43.284600 11.777800
43.384600 11.777800
43.484600 11.777800
43.584600 11.777800
43.684600 11.777800
43.784600 11.777800
43.884600 11.777800
43.984600 11.777800
44.084600 11.777800
41.484600 11.877800
41.584600 11.877800
41.684600 11.877800
41.784600 11.877800
41.884600 11.877800
41.984600 11.877800
42.084600 11.877800
42.184600 11.877800
42.284600 11.877800
42.384600 11.877800
42.484600 11.877800
42.584600 11.877800
42.684600 11.877800
42.784600 11.877800
42.884600 11.877800
42.984600 11.877800
43.084600 11.877800
43.184600 11.877800
43.284600 11.877800
43.384600 11.877800
43.484600 11.877800
43.584600 11.877800
43.684600 11.877800
43.784600 11.877800
43.884600 11.877800
43.984600 11.877800
44.084600 11.877800
41.484600 11.977800
41.584600 11.977800
41.684600 11.977800
41.784600 11.977800
41.884600 11.977800
41.984600 11.977800
42.084600 11.977800
42.184600 11.977800
42.284600 11.977800
42.384600 11.977800
42.484600 11.977800
42.584600 11.977800
42.684600 11.977800
42.784600 11.977800
42.884600 11.977800
42.984600 11.977800
43.084600 11.977800
43.184600 11.977800
43.284600 11.977800
43.384600 11.977800
43.484600 11.977800
43.584600 11.977800
43.684600 11.977800
43.784600 11.977800
43.884600 11.977800
43.984600 11.977800
44.084600 11.977800
41.484600 12.077800
41.584600 12.077800
41.684600 12.077800
41.784600 12.077800
41.884600 12.077800
41.984600 12.077800
42.084600 12.077800
42.184600 12.077800
42.284600 12.077800
42.384600 12.077800
42.484600 12.077800
42.584600 12.077800
42.684600 12.077800
42.784600 12.077800
42.884600 12.077800
42.984600 12.077800
43.084600 12.077800
43.184600 12.077800
43.284600 12.077800
43.384600 12.077800
43.484600 12.077800
43.584600 12.077800
43.684600 12.077800
43.784600 12.077800
43.884600 12.077800
43.984600 12.077800
44.084600 12.077800
41.484600 12.177800
41.584600 12.177800
41.684600 12.177800
41.784600 12.177800
41.884600 12.177800
41.984600 12.177800
42.084600 12.177800
42.184600 12.177800
42.284600 12.177800
42.384600 12.177800
42.484600 12.177800
42.584600 12.177800
42.684600 12.177800
42.784600 12.177800
42.884600 12.177800
42.984600 12.177800
43.084600 12.177800
43.184600 12.177800
43.284600 12.177800
43.384600 12.177800
43.484600 12.177800
43.584600 12.177800
43.684600 12.177800
43.784600 12.177800
43.884600 12.177800
43.984600 12.177800
44.084600 12.177800
41.484600 12.277800
41.584600 12.277800
41.684600 12.277800
41.784600 12.277800
41.884600 12.277800
41.984600 12.277800
42.084600 12.277800
42.184600 12.277800
42.284600 12.277800
42.384600 12.277800
42.484600 12.277800
42.584600 12.277800
42.684600 12.277800
42.784600 12.277800
42.884600 12.277800
42.984600 12.277800
43.084600 12.277800
43.184600 12.277800
43.284600 12.277800
43.384600 12.277800
43.484600 12.277800
43.584600 12.277800
43.684600 12.277800
43.784600 12.277800
43.884600 12.277800
43.984600 12.277800
44.084600 12.277800
41.484600 12.377800
41.584600 12.377800
41.684600 12.377800
41.784600 12.377800
41.884600 12.377800
41.984600 12.377800
42.084600 12.377800
42.184600 12.377800
42.284600 12.377800
42.384600 12.377800
42.484600 12.377800
42.584600 12.377800
42.684600 12.377800
42.784600 12.377800
42.884600 12.377800
42.984600 12.377800
43.084600 12.377800
43.184600 12.377800
43.284600 12.377800
43.384600 12.377800
43.484600 12.377800
43.584600 12.377800
43.684600 12.377800
43.784600 12.377800
43.884600 12.377800
43.984600 12.377800
44.084600 12.377800
41.484600 12.477800
41.584600 12.477800
41.684600 12.477800
41.784600 12.477800
41.884600 12.477800
41.984600 12.477800
42.084600 12.477800
42.184600 12.477800
42.284600 12.477800
42.384600 12.477800
42.484600 12.477800
42.584600 12.477800
42.684600 12.477800
42.784600 12.477800
42.884600 12.477800
42.984600 12.477800
43.084600 12.477800
43.184600 12.477800
43.284600 12.477800
43.384600 12.477800
43.484600 12.477800
43.584600 12.477800
43.684600 12.477800
43.784600 12.477800
43.884600 12.477800
43.984600 12.477800
44.084600 12.477800
41.484600 12.577800
41.584600 12.577800
41.684600 12.577800
41.784600 12.577800
41.884600 12.577800
41.984600 12.577800
42.084600 12.577800
42.184600 12.577800
42.284600 12.577800
42.384600 12.577800
42.484600 12.577800
42.584600 12.577800
42.684600 12.577800
42.784600 12.577800
42.884600 12.577800
42.984600 12.577800
43.084600 12.577800
43.184600 12.577800
43.284600 12.577800
43.384600 12.577800
43.484600 12.577800
43.584600 12.577800
43.684600 12.577800
43.784600 12.577800
43.884600 12.577800
43.984600 12.577800
44.084600 12.577800
41.484600 12.677800
41.584600 12.677800
41.684600 12.677800
41.784600 12.677800
41.884600 12.677800
41.984600 12.677800
42.084600 12.677800
42.184600 12.677800
42.284600 12.677800
42.384600 12.677800
42.484600 12.677800
42.584600 12.677800
42.684600 12.677800
42.784600 12.677800
42.884600 12.677800
42.984600 12.677800
43.084600 12.677800
43.184600 12.677800
43.284600 12.677800
43.384600 12.677800
43.484600 12.677800
43.584600 12.677800
43.684600 12.677800
43.784600 12.677800
43.884600 12.677800
43.984600 12.677800
44.084600 12.677800
41.484600 12.777800
41.584600 12.777800
41.684600 12.777800
41.784600 12.777800
41.884600 12.777800
41.984600 12.777800
42.084600 12.777800
42.184600 12.777800
42.284600 12.777800
42.384600 12.777800
42.484600 12.777800
42.584600 12.777800
42.684600 12.777800
42.784600 12.777800
42.884600 12.777800
42.984600 12.777800
43.084600 12.777800
43.184600 12.777800
43.284600 12.777800
43.384600 12.777800
43.484600 12.777800
43.584600 12.777800
43.684600 12.777800
43.784600 12.777800
43.884600 12.777800
43.984600 12.777800
44.084600 12.777800
41.484600 12.877800
41.584600 12.877800
41.684600 12.877800
41.784600 12.877800
41.884600 12.877800
41.984600 12.877800
42.084600 12.877800
42.184600 12.877800
42.284600 12.877800
42.384600 12.877800
42.484600 12.877800
42.584600 12.877800
42.684600 12.877800
42.784600 12.877800
42.884600 12.877800
42.984600 12.877800
43.084600 12.877800
43.184600 12.877800
43.284600 12.877800
43.384600 12.877800
43.484600 12.877800
43.584600 12.877800
43.684600 12.877800
43.784600 12.877800
43.884600 12.877800
43.984600 12.877800
44.084600 12.877800
41.484600 12.977800
41.584600 12.977800
41.684600 12.977800
41.784600 12.977800
41.884600 12.977800
41.984600 12.977800
42.084600 12.977800
42.184600 12.977800
42.284600 12.977800
42.384600 12.977800
42.484600 12.977800
42.584600 12.977800
42.684600 12.977800
42.784600 12.977800
42.884600 12.977800
42.984600 12.977800
43.084600 12.977800
43.184600 12.977800
43.284600 12.977800
43.384600 12.977800
43.484600 12.977800
43.584600 12.977800
43.684600 12.977800
43.784600 12.977800
43.884600 12.977800
43.984600 12.977800
44.084600 12.977800
41.484600 13.077800
41.584600 13.077800
41.684600 13.077800
41.784600 13.077800
41.884600 13.077800
41.984600 13.077800
42.084600 13.077800
42.184600 13.077800
42.284600 13.077800
42.384600 13.077800
42.484600 13.077800
42.584600 13.077800
42.684600 13.077800
42.784600 13.077800
42.884600 13.077800
42.984600 13.077800
43.084600 13.077800
43.184600 13.077800
43.284600 13.077800
43.384600 13.077800
43.484600 13.077800
43.584600 13.077800
43.684600 13.077800
43.784600 13.077800
43.884600 13.077800
43.984600 13.077800
44.084600 13.077800
41.484600 13.177800
41.584600 13.177800
41.684600 13.177800
41.784600 13.177800
41.884600 13.177800
41.984600 13.177800
42.084600 13.177800
42.184600 13.177800
42.284600 13.177800
42.384600 13.177800
42.484600 13.177800
42.584600 13.177800
42.684600 13.177800
42.784600 13.177800
42.884600 13.177800
42.984600 13.177800
43.084600 13.177800
43.184600 13.177800
43.284600 13.177800
43.384600 13.177800
43.484600 13.177800
43.584600 13.177800
43.684600 13.177800
43.784600 13.177800
43.884600 13.177800
43.984600 13.177800
44.084600 13.177800
41.484600 13.277800
41.584600 13.277800
41.684600 13.277800
41.784600 13.277800
41.884600 13.277800
41.984600 13.277800
42.084600 13.277800
42.184600 13.277800
42.284600 13.277800
42.384600 13.277800
42.484600 13.277800
42.584600 13.277800
42.684600 13.277800
42.784600 13.277800
42.884600 13.277800
42.984600 13.277800
43.084600 13.277800
43.184600 13.277800
43.284600 13.277800
43.384600 13.277800
43.484600 13.277800
43.584600 13.277800
43.684600 13.277800
43.784600 13.277800
43.884600 13.277800
43.984600 13.277800
44.084600 13.277800
41.484600 13.377800
41.584600 13.377800
41.684600 13.377800
41.784600 13.377800
41.884600 13.377800
41.984600 13.377800
42.084600 13.377800
42.184600 13.377800
42.284600 13.377800
42.384600 13.377800
42.484600 13.377800
42.584600 13.377800
42.684600 13.377800
42.784600 13.377800
42.884600 13.377800
42.984600 13.377800
43.084600 13.377800
43.184600 13.377800
43.284600 13.377800
43.384600 13.377800
43.484600 13.377800
43.584600 13.377800
43.684600 13.377800
43.784600 13.377800
43.884600 13.377800
43.984600 13.377800
44.084600 13.377800
41.484600 13.477800
41.584600 13.477800
41.684600 13.477800
41.784600 13.477800
41.884600 13.477800
41.984600 13.477800
42.084600 13.477800
42.184600 13.477800
42.284600 13.477800
42.384600 13.477800
42.484600 13.477800
42.584600 13.477800
42.684600 13.477800
42.784600 13.477800
42.884600 13.477800
42.984600 13.477800
43.084600 13.477800
43.184600 13.477800
43.284600 13.477800
43.384600 13.477800
43.484600 13.477800
43.584600 13.477800
43.684600 13.477800
43.784600 13.477800
43.884600 13.477800
43.984600 13.477800
44.084600 13.477800
41.484600 13.577800
41.584600 13.577800
41.684600 13.577800
41.784600 13.577800
41.884600 13.577800
41.984600 13.577800
42.084600 13.577800
42.184600 13.577800
42.284600 13.577800
42.384600 13.577800
42.484600 13.577800
42.584600 13.577800
42.684600 13.577800
42.784600 13.577800
42.884600 13.577800
42.984600 13.577800
43.084600 13.577800
43.184600 13.577800
43.284600 13.577800
43.384600 13.577800
43.484600 13.577800
43.584600 13.577800
43.684600 13.577800
43.784600 13.577800
43.884600 13.577800
43.984600 13.577800
44.084600 13.577800
41.484600 13.677800
41.584600 13.677800
41.684600 13.677800
41.784600 13.677800
41.884600 13.677800
41.984600 13.677800
42.084600 13.677800
42.184600 13.677800
42.284600 13.677800
42.384600 13.677800
42.484600 13.677800
42.584600 13.677800
42.684600 13.677800
42.784600 13.677800
42.884600 13.677800
42.984600 13.677800
43.084600 13.677800
43.184600 13.677800
43.284600 13.677800
43.384600 13.677800
43.484600 13.677800
43.584600 13.677800
43.684600 13.677800
43.784600 13.677800
43.884600 13.677800
43.984600 13.677800
44.084600 13.677800
41.484600 13.777800
41.584600 13.777800
41.684600 13.777800
41.784600 13.777800
41.884600 13.777800
41.984600 13.777800
42.084600 13.777800
42.184600 13.777800
42.284600 13.777800
42.384600 13.777800
42.484600 13.777800
42.584600 13.777800
42.684600 13.777800
42.784600 13.777800
42.884600 13.777800
42.984600 13.777800
43.084600 13.777800
43.184600 13.777800
43.284600 13.777800
43.384600 13.777800
43.484600 13.777800
43.584600 13.777800
43.684600 13.777800
43.784600 13.777800
43.884600 13.777800
43.984600 13.777800
44.084600 13.777800
41.484600 13.877800
41.584600 13.877800
41.684600 13.877800
41.784600 13.877800
41.884600 13.877800
41.984600 13.877800
42.084600 13.877800
42.184600 13.877800
42.284600 13.877800
42.384600 13.877800
42.484600 13.877800
42.584600 13.877800
42.684600 13.877800
42.784600 13.877800
42.884600 13.877800
42.984600 13.877800
43.084600 13.877800
43.184600 13.877800
43.284600 13.877800
43.384600 13.877800
43.484600 13.877800
43.584600 13.877800
43.684600 13.877800
43.784600 13.877800
43.884600 13.877800
43.984600 13.877800
44.084600 13.877800
41.484600 13.977800
41.584600 13.977800
41.684600 13.977800
41.784600 13.977800
41.884600 13.977800
41.984600 13.977800
42.084600 13.977800
42.184600 13.977800
42.284600 13.977800
42.384600 13.977800
42.484600 13.977800
42.584600 13.977800
42.684600 13.977800
42.784600 13.977800
42.884600 13.977800
42.984600 13.977800
43.084600 13.977800
43.184600 13.977800
43.284600 13.977800
43.384600 13.977800
43.484600 13.977800
43.584600 13.977800
43.684600 13.977800
43.784600 13.977800
43.884600 13.977800
43.984600 13.977800
44.084600 13.977800
41.484600 14.077800
41.584600 14.077800
41.684600 14.077800
41.784600 14.077800
41.884600 14.077800
41.984600 14.077800
42.084600 14.077800
42.184600 14.077800
42.284600 14.077800
42.384600 14.077800
42.484600 14.077800
42.584600 14.077800
42.684600 14.077800
42.784600 14.077800
42.884600 14.077800
42.984600 14.077800
43.084600 14.077800
43.184600 14.077800
43.284600 14.077800
43.384600 14.077800
43.484600 14.077800
43.584600 14.077800
43.684600 14.077800
43.784600 14.077800
43.884600 14.077800
43.984600 14.077800
44.084600 14.077800
41.484600 14.177800
41.584600 14.177800
41.684600 14.177800
41.784600 14.177800
41.884600 14.177800
41.984600 14.177800
42.084600 14.177800
42.184600 14.177800
42.284600 14.177800
42.384600 14.177800
42.484600 14.177800
42.584600 14.177800
42.684600 14.177800
42.784600 14.177800
42.884600 14.177800
42.984600 14.177800
43.084600 14.177800
43.184600 14.177800
43.284600 14.177800
43.384600 14.177800
43.484600 14.177800
43.584600 14.177800
43.684600 14.177800
43.784600 14.177800
43.884600 14.177800
43.984600 14.177800
44.084600 14.177800
41.484600 14.277800
41.584600 14.277800
41.684600 14.277800
41.784600 14.277800
41.884600 14.277800
41.984600 14.277800
42.084600 14.277800
42.184600 14.277800
42.284600 14.277800
42.384600 14.277800
42.484600 14.277800
42.584600 14.277800
42.684600 14.277800
42.784600 14.277800
42.884600 14.277800
42.984600 14.277800
43.084600 14.277800
43.184600 14.277800
43.284600 14.277800
43.384600 14.277800
43.484600 14.277800
43.584600 14.277800
43.684600 14.277800
43.784600 14.277800
43.884600 14.277800
43.984600 14.277800
44.084600 14.277800
41.484600 14.377800
41.584600 14.377800
41.684600 14.377800
41.784600 14.377800
41.884600 14.377800
41.984600 14.377800
42.084600 14.377800
42.184600 14.377800
42.284600 14.377800
42.384600 14.377800
42.484600 14.377800
42.584600 14.377800
42.684600 14.377800
42.784600 14.377800
42.884600 14.377800
42.984600 14.377800
43.084600 14.377800
43.184600 14.377800
43.284600 14.377800
43.384600 14.377800
43.484600 14.377800
43.584600 14.377800
43.684600 14.377800
43.784600 14.377800
43.884600 14.377800
43.984600 14.377800
44.084600 14.377800
41.484600 14.477800
41.584600 14.477800
41.684600 14.477800
41.784600 14.477800
41.884600 14.477800
41.984600 14.477800
42.084600 14.477800
42.184600 14.477800
42.284600 14.477800
42.384600 14.477800
42.484600 14.477800
42.584600 14.477800
42.684600 14.477800
42.784600 14.477800
42.884600 14.477800
42.984600 14.477800
43.084600 14.477800
43.184600 14.477800
43.284600 14.477800
43.384600 14.477800
43.484600 14.477800
43.584600 14.477800
43.684600 14.477800
43.784600 14.477800
43.884600 14.477800
43.984600 14.477800
44.084600 14.477800
41.484600 14.577800
41.584600 14.577800
41.684600 14.577800
41.784600 14.577800
41.884600 14.577800
41.984600 14.577800
42.084600 14.577800
42.184600 14.577800
42.284600 14.577800
42.384600 14.577800
42.484600 14.577800
42.584600 14.577800
42.684600 14.577800
42.784600 14.577800
42.884600 14.577800
42.984600 14.577800
43.084600 14.577800
43.184600 14.577800
43.284600 14.577800
43.384600 14.577800
43.484600 14.577800
43.584600 14.577800
43.684600 14.577800
43.784600 14.577800
43.884600 14.577800
43.984600 14.577800
44.084600 14.577800
41.484600 14.677800
41.584600 14.677800
41.684600 14.677800
41.784600 14.677800
41.884600 14.677800
41.984600 14.677800
42.084600 14.677800
42.184600 14.677800
42.284600 14.677800
42.384600 14.677800
42.484600 14.677800
42.584600 14.677800
42.684600 14.677800
42.784600 14.677800
42.884600 14.677800
42.984600 14.677800
43.084600 14.677800
43.184600 14.677800
43.284600 14.677800
43.384600 14.677800
43.484600 14.677800
43.584600 14.677800
43.684600 14.677800
43.784600 14.677800
43.884600 14.677800
43.984600 14.677800
44.084600 14.677800
41.484600 14.777800
41.584600 14.777800
41.684600 14.777800
41.784600 14.777800
41.884600 14.777800
41.984600 14.777800
42.084600 14.777800
42.184600 14.777800
42.284600 14.777800
42.384600 14.777800
42.484600 14.777800
42.584600 14.777800
42.684600 14.777800
42.784600 14.777800
42.884600 14.777800
42.984600 14.777800
43.084600 14.777800
43.184600 14.777800
43.284600 14.777800
43.384600 14.777800
43.484600 14.777800
43.584600 14.777800
43.684600 14.777800
43.784600 14.777800
43.884600 14.777800
43.984600 14.777800
44.084600 14.777800
41.484600 14.877800
41.584600 14.877800
41.684600 14.877800
41.784600 14.877800
41.884600 14.877800
41.984600 14.877800
42.084600 14.877800
42.184600 14.877800
42.284600 14.877800
42.384600 14.877800
42.484600 14.877800
42.584600 14.877800
42.684600 14.877800
42.784600 14.877800
42.884600 14.877800
42.984600 14.877800
43.084600 14.877800
43.184600 14.877800
43.284600 14.877800
43.384600 14.877800
43.484600 14.877800
43.584600 14.877800
43.684600 14.877800
43.784600 14.877800
43.884600 14.877800
43.984600 14.877800
44.084600 14.877800
41.484600 14.977800
41.584600 14.977800
41.684600 14.977800
41.784600 14.977800
41.884600 14.977800
41.984600 14.977800
42.084600 14.977800
42.184600 14.977800
42.284600 14.977800
42.384600 14.977800
42.484600 14.977800
42.584600 14.977800
42.684600 14.977800
42.784600 14.977800
42.884600 14.977800
42.984600 14.977800
43.084600 14.977800
43.184600 14.977800
43.284600 14.977800
43.384600 14.977800
43.484600 14.977800
43.584600 14.977800
43.684600 14.977800
43.784600 14.977800
43.884600 14.977800
43.984600 14.977800
44.084600 14.977800
41.484600 15.077800
41.584600 15.077800
41.684600 15.077800
41.784600 15.077800
41.884600 15.077800
41.984600 15.077800
42.084600 15.077800
42.184600 15.077800
42.284600 15.077800
42.384600 15.077800
42.484600 15.077800
42.584600 15.077800
42.684600 15.077800
42.784600 15.077800
42.884600 15.077800
42.984600 15.077800
43.084600 15.077800
43.184600 15.077800
43.284600 15.077800
43.384600 15.077800
43.484600 15.077800
43.584600 15.077800
43.684600 15.077800
43.784600 15.077800
43.884600 15.077800
43.984600 15.077800
44.084600 15.077800
43.472300 12.630800
43.462100 12.248800
43.587300 12.512700
43.546200 12.264000
43.304100 12.341000
42.696000 13.242000
42.771300 13.412500
42.632500 13.286600
43.592200 13.507400
42.418200 13.078600
42.375500 13.339300
42.380700 13.354700
42.373700 13.337000
42.345000 13.400900
42.377100 13.343900
42.848000 13.647900
42.027400 13.425900
43.706800 12.188000
43.889500 11.991200
42.324300 13.590200
42.191700 13.845300
41.998300 13.543100
42.932300 12.611000
42.337000 13.468500
43.368300 12.234600
42.003300 14.199400
42.594200 13.163200
43.036700 12.920400
42.085200 13.520700
42.829400 13.206000
41.562800 14.652400
42.894400 13.152800
42.271600 13.758300
43.267800 11.980500
43.008000 12.590600
42.719000 13.012200
42.754000 12.003500
44.137000 12.241400
42.100900 13.088000
41.485800 13.823100
42.388400 12.947700
43.955000 12.735800
43.491900 12.223300
42.994100 11.282200
41.661100 14.456500
44.298000 11.890700
43.343600 12.911900
43.807200 11.294400
41.893300 13.325400
42.268000 13.117200
43.026300 12.896500
42.969700 12.703100
43.014600 12.835100
41.692600 13.255000
43.690500 12.810100
43.355300 12.572600
43.313800 12.589400
42.803800 12.570200
41.813400 13.316900
42.420700 13.519400
41.472300 12.907200
42.039200 14.182600
42.558200 12.968900
43.799800 12.447500
43.993700 12.106700
42.993400 13.001300
42.899300 13.326800
42.249200 12.748300
43.059600 13.184400
43.139600 11.182700
42.526800 13.350800
42.526700 13.350900
43.249400 13.008300
42.961900 12.257000
43.111500 12.784500
42.792400 13.092400
42.792500 13.096400
42.515500 12.519400
41.953600 13.642300
42.558000 13.338000
42.322900 13.539400
43.818100 12.262800
42.879300 13.033400
43.111000 12.325100
41.812000 13.789200
43.066500 13.657000
43.427300 12.448500
42.435600 13.326200
42.430200 12.829000
41.913200 13.105500
42.933800 13.860400
42.289700 13.557700
41.684500 14.964400
41.687600 14.962900
41.689200 14.958100
43.330800 12.740800
43.685500 13.226100
42.632000 12.554000
43.934300 12.449300
43.037100 13.304100
43.573500 12.131200
41.720300 13.613600
42.515100 13.371000
42.723200 12.751200
42.734400 12.736300
43.517900 13.619300
42.874600 11.876800
43.571500 12.154000
43.908100 11.794400
42.089500 13.934300
42.073400 13.916600
42.068000 13.909000
42.085000 13.927400
42.656500 13.689500
43.215900 13.258400
42.738100 12.387300
42.876500 12.735800
42.461300 12.932300
42.558200 12.646100
42.422600 11.869600
41.893000 12.773200
43.254400 12.255600
43.159300 12.601700
43.142700 11.894700
41.480500 14.050100
43.004900 12.904600
42.856350 13.431160
42.535780 13.409000
43.178198 12.983759
42.602860 13.040320
42.508980 13.214520
42.608486 12.586760
42.453167 13.572833
42.808100 13.913800
43.137378 13.469252
43.441830 12.997300
42.265730 13.583790
43.263000 12.524600
43.498070 12.941530
43.377830 13.609500
43.329200 11.966300
43.550170 13.602000
42.236960 12.509930
42.229440 13.776334
43.334190 12.268010
42.022800 12.742220
43.607680 13.532330
42.021930 13.400570
43.382110 12.406630
43.693090 12.777070
43.558460 12.419910
41.760390 12.710300
41.949030 12.981760
41.794500 13.312290
41.869650 13.623240
42.778610 11.676500
42.046800 14.183200
41.811928 12.704920
41.769756 12.659070
41.750225 12.770183
41.780500 12.592300
42.227300 14.347000
43.618880 11.951670
41.647090 13.586580
43.523580 11.245790
43.114780 10.902650
41.703280 14.152400
43.937695 12.445128
43.473110 11.290170
43.796700 11.789300
43.209720 11.156220
42.428280 11.130900
41.546100 14.593800
42.790800 10.865200
42.123000 15.510000
44.077460 11.707267
40.805900 14.424200
41.757380 15.543080
44.054280 11.358550
41.145900 13.877900
44.284180 12.080230
41.754600 15.743700
41.654180 14.905020
40.745800 13.900800
44.350850 10.976500
43.721930 10.524950
40.835600 14.423800
40.830000 14.429900
42.746577 10.210652
44.167820 11.122900
44.763740 10.313110
40.829200 14.147000
45.361667 11.673889
44.887300 10.898700
40.711500 13.855100
44.049818 9.853652
40.832900 14.093500
40.944100 15.960200
41.199899 15.132629
40.827500 14.396670
40.521480 16.061240
40.821200 14.422300
43.426180 9.892010
44.316250 9.517390
41.158295 15.816928
40.816500 14.410100
40.907100 16.604100
44.865800 11.003100
40.782600 15.168400
40.266300 15.751500
45.405600 9.930700
46.407500 13.354000
40.604400 16.441000
40.788800 17.064400
40.050960 16.450405
46.048180 11.649700
45.606000 10.217000
41.060900 16.195800
40.489600 15.304600
45.480300 9.232100
39.890961 15.990414
45.276300 9.762200
45.637200 9.934500
40.603250 16.819100
45.763578 10.117073
46.596580 12.780400
46.054920 10.514000
40.318100 15.303000
43.910500 7.893170
44.767920 9.447820
45.705400 9.429100
45.202600 9.134900
40.589408 17.850423
38.799200 15.230400
38.786600 15.191800
39.528756 15.954618
46.469400 10.376400
46.476160 10.372180
38.533000 14.355000
38.564200 14.575300
44.867306 8.913604
38.376300 14.980100
38.707870 13.179130
45.073900 7.927100
45.867695 8.770000
39.402700 16.508800
39.253400 16.211400
39.877200 16.345900
37.894300 13.303800
37.990126 14.026023
38.449400 16.438300
38.606800 15.885600
37.833500 14.114800
37.820800 14.949800
37.618640 13.607610
37.622000 14.499900
39.660100 16.337620
37.971200 15.233000
38.232000 15.790000
39.291028 16.338806
37.646800 14.056800
38.091930 13.532610
37.618100 14.879400
40.072400 18.467500
38.271300 15.231300
45.769750 7.061010
38.033900 14.591600
39.035900 16.688600
37.710700 14.566500
38.263900 15.508300
37.824000 14.857000
37.693400 14.974400
38.168070 15.828880
37.671900 15.188500
40.786700 15.942700
45.800300 11.902300
43.366600 12.571500
43.480700 12.457000
43.197900 12.353600
45.822800 10.466400
44.062400 10.597000
44.224500 11.766600
43.194200 13.761400
41.028000 15.236600
43.458400 12.233600
41.597800 14.018300
43.305297 13.670091
44.581039 11.805396
43.795600 10.979500
45.836100 12.013100
44.289500 11.877000
42.962100 13.049800
44.903500 11.540600
43.774400 11.255100
43.188561 12.931604
46.015000 12.355200
43.238100 13.067400
41.513145 14.910201
44.359550 11.742480
42.011539 13.904600
41.677470 12.698640
45.458200 10.123400
40.324900 15.801900
43.192700 13.142700
41.705900 15.127000
42.912630 12.112140
40.137600 15.553500
41.641880 14.254020
45.149500 10.789700
41.370000 15.158000
44.629700 10.949200
41.122700 14.968150
40.756400 15.488920
44.312800 11.424800
44.583400 10.316300
45.308200 11.172400
41.031206 14.567486
43.535670 12.535000
41.200001 14.179890
41.717430 13.712020
41.223450 14.810780
41.364100 14.529000
45.646800 11.072100
42.849060 11.909670
45.618300 10.524300
45.639971 11.609983
45.051100 10.919900
43.146830 12.947620
45.010000 11.295800
41.386670 14.379170
41.135000 15.365000
40.182100 15.867500
40.925400 15.209100
43.255000 12.940600
43.228783 13.176956
46.260100 12.710400
42.657300 13.250800
42.532852 12.855145
42.751556 13.044636
42.724918 13.125775
42.759537 13.208697
42.801880 12.868511
42.890667 13.019000
42.711902 12.931333
42.669983 13.115224
43.055830 13.004730
43.110180 13.088940
42.756970 13.297790
42.856540 13.187980
42.634223 13.282205
42.622790 13.603930
43.311198 13.312848
45.523000 11.160600
41.766600 14.550200
41.415400 14.234200
45.416700 12.376500
41.183260 14.630154
45.642900 10.504000
40.954900 15.616300
45.637800 10.731900
45.453600 11.487600
42.977404 13.352786
42.354000 13.405000
44.159400 10.386400
44.748800 17.183900
39.496000 9.378000
38.260300 15.893900
42.429700 19.260800
46.472230 9.347320
37.578570 13.215620
39.179400 16.758300
41.347200 19.863100
44.098100 19.991700
39.993800 15.815500
44.026000 10.482100
44.045000 10.757000
43.914170 10.491500
44.350470 10.588100
44.166000 10.153000
44.491300 10.065800
44.471200 8.951200
44.541330 8.545170
44.607100 9.292600
44.042600 7.808200
44.849300 8.352700
44.207500 8.237200
44.226660 7.420330
45.601900 7.568200
44.112170 8.066170
44.835170 7.263330
43.782500 7.556900
45.512670 7.747000
44.506800 7.116000
44.245500 7.326000
45.459500 7.134330
45.875300 7.868500
45.837800 7.156500
44.920830 6.790830
44.239300 10.127300
42.298000 9.153000
42.094000 9.285000
40.645800 15.807000
46.548000 13.513700
46.232900 12.047200
46.234000 13.243800
45.683000 10.818700
46.319500 13.098400
45.880600 11.804700
46.311600 12.444800
46.456900 12.881400
46.173300 13.645000
46.414200 13.001100
45.637800 11.209900
46.149500 12.615400
46.240800 12.987700
46.549100 13.148100
46.442800 13.565000
45.987500 13.633600
45.992200 12.105100
46.558400 12.972900
45.980200 10.622800
46.425200 10.694500
46.083500 10.958700
45.826000 10.896500
46.043800 14.527800
46.448100 16.250300
45.959500 10.943600
46.463000 11.377800
46.495200 11.318500
46.948000 12.078700
46.616400 10.549500
46.928100 11.411800
42.548300 8.999400
40.649071 16.704420
42.871500 17.699000
45.826832 15.986780
46.413636 10.023095
45.921860 9.041670
46.454900 8.663160
46.780500 9.879520
46.050530 7.963990
47.049210 9.380700
46.870490 8.425020
46.080070 7.408150
47.250500 15.523200
47.263800 11.636300
40.525900 17.284600
41.319900 19.457300
40.623200 20.787400
40.294800 20.015500
40.470400 19.496500
42.671575 13.270813
42.673895 13.293810
42.632540 13.286562
42.703670 13.232048
42.625117 13.299850
42.662910 13.307648
42.628018 13.291790
42.625400 13.357295
42.641090 13.206917
42.651632 13.267547
42.655239 13.288519
42.623556 13.316400
42.612412 13.296578
42.621375 13.307882
42.630400 13.292500
42.626432 13.290580
42.598000 13.218000
42.637948 13.285578
42.634324 13.314377
42.629805 13.323448
42.813091 13.311026
